#1: Printing bush information for bush 1
#1: 1 8800.000000 28.668878 28.668878 [1]
#1: Node 2 2600.000000 34.669694 34.669694 [2]
#1: (1,2) 2600.000000 6.000816
#1: Node 3 6200.000000 24.660291 24.660291 [3]
#1: (1,3) 6200.000000 4.008691
#1: Node 4 4500.000000 28.929693 -inf [4]
#1: (3,4) 4500.000000 4.269402
#1: Node 12 1600.000000 20.640500 20.640500 [5]
#1: (3,12) 1600.000000 4.020179
#1: Node 5 3200.000000 31.245067 -inf [6]
#1: (4,5) 3200.000000 2.315374
#1: Node 11 800.000000 26.631558 -inf [7]
#1: (4,11) 800.000000 7.133300 SL
#1: (12,11) 0.000000 13.735156   
#1: Node 13 1400.000000 17.617021 17.617021 [8]
#1: (12,13) 1400.000000 3.022797
#1: Node 6 2500.000000 41.243292 -inf [9]
#1: (2,6) 2500.000000 6.573598 SL
#1: (5,6) 0.000000 9.998225   
#1: Node 9 3000.000000 40.896378 -inf [10]
#1: (5,9) 3000.000000 9.651311
#1: Node 14 300.000000 12.788913 12.788913 [11]
#1: (11,14) 300.000000 13.691286
#1: Node 24 900.000000 0.000000 0.000000 [12]
#1: (13,24) 900.000000 17.661008
#1: Node 8 2200.000000 31.709792 -inf [13]
#1: (6,8) 2200.000000 14.690955 SL
#1: (9,8) 0.000000 15.037870   
#1: Node 10 2500.000000 38.834813 -inf [14]
#1: (9,10) 2500.000000 5.682533 SL
#1: (11,10) 0.000000 12.203255   
#1: Node 23 402.366117 3.722947 3.722947 [15]
#1: (14,23) 0.000000 9.079344   
#1: (24,23) 402.366117 3.722947 SL
#1: Node 7 900.000000 26.157632 -inf [16]
#1: (8,7) 900.000000 5.501413
#1: Node 15 800.000000 25.023252 -inf [17]
#1: (10,15) 800.000000 13.722370 SL
#1: (14,15) 0.000000 12.234339   
#1: Node 18 400.000000 24.094445 -inf [18]
#1: (7,18) 400.000000 2.062226
#1: Node 16 500.000000 27.260280 -inf [19]
#1: (8,16) 500.000000 10.729474 SL
#1: (10,16) 0.000000 20.084810   
#1: (18,16) 0.000000 3.165835   
#1: Node 20 300.000000 19.834215 -inf [20]
#1: (18,20) 300.000000 4.259371
#1: Node 17 400.000000 36.761739 -inf [21]
#1: (10,17) 400.000000 16.308017 SL
#1: (16,17) 0.000000 9.501458   
#1: Node 21 397.633883 11.752579 11.752579 [22]
#1: (20,21) 0.000000 8.165661   
#1: (24,21) 397.633883 11.752579 SL
#1: Node 19 300.000000 29.349464 -inf [23]
#1: (15,19) 300.000000 4.326212 SL
#1: (17,19) 0.000000 7.436627   
#1: (20,19) 0.000000 9.515249   
#1: Node 22 400.000000 15.966085 -inf [24]
#1: (15,22) 0.000000 9.088144   
#1: (20,22) 0.000000 7.713130   
#1: (21,22) 297.633883 4.213506 S 
#1: (23,22) 102.366117 12.243138  L
#2: Printing bush information for bush 2
#2: 2 4000.000000 34.669694 34.669694 [1]
#2: Node 1 1227.143700 28.668878 28.668878 [2]
#2: (2,1) 1227.143700 6.000834
#2: Node 6 2772.856300 41.243292 -inf [3]
#2: (2,6) 2772.856300 6.573598
#2: Node 3 1127.143700 24.660291 24.660291 [4]
#2: (1,3) 1127.143700 4.008691
#2: Node 8 1500.000000 31.709792 -inf [5]
#2: (6,8) 1500.000000 14.690955
#2: Node 4 627.143700 28.929693 -inf [6]
#2: (3,4) 627.143700 4.269402
#2: Node 12 400.000000 20.640500 20.640500 [7]
#2: (3,12) 400.000000 4.020179
#2: Node 7 500.000000 26.157632 -inf [8]
#2: (8,7) 500.000000 5.501413
#2: Node 5 1000.000000 31.245067 -inf [9]
#2: (4,5) 127.143700 2.315374 SL
#2: (6,5) 872.856300 10.020703   
#2: Node 11 300.000000 26.631558 -inf [10]
#2: (4,11) 300.000000 7.133300 SL
#2: (12,11) 0.000000 13.735156   
#2: Node 13 300.000000 17.617021 17.617021 [11]
#2: (12,13) 300.000000 3.022797
#2: Node 18 300.000000 24.094445 -inf [12]
#2: (7,18) 300.000000 2.062226
#2: Node 9 900.000000 40.896378 -inf [13]
#2: (5,9) 900.000000 9.651311 SL
#2: (8,9) 0.000000 15.174708   
#2: Node 14 100.000000 12.788913 12.788913 [14]
#2: (11,14) 100.000000 13.691286
#2: Node 24 0.000000 0.000000 0.000000 [15]
#2: (13,24) 0.000000 17.661008
#2: Node 20 300.000000 19.834215 -inf [16]
#2: (18,20) 300.000000 4.259371
#2: Node 10 700.000000 38.834813 -inf [17]
#2: (9,10) 700.000000 5.682533 SL
#2: (11,10) 0.000000 12.203255   
#2: Node 23 0.000000 3.722947 3.722947 [18]
#2: (14,23) 0.000000 9.079344   
#2: (24,23) 0.000000 3.722947 S 
#2: Node 16 600.000000 27.260280 -inf [19]
#2: (8,16) 600.000000 10.729474 SL
#2: (10,16) 0.000000 20.084810   
#2: (18,16) 0.000000 3.165835   
#2: Node 22 100.000000 15.966085 -inf [20]
#2: (20,22) 100.000000 7.713130 SL
#2: (23,22) 0.000000 12.243138   
#2: Node 17 200.000000 36.761739 -inf [21]
#2: (10,17) 0.000000 16.308017   
#2: (16,17) 200.000000 9.501458 SL
#2: Node 21 0.000000 11.752579 11.752579 [22]
#2: (20,21) 0.000000 8.165661 S 
#2: (22,21) 0.000000 4.201050   
#2: (24,21) 0.000000 11.752579   
#2: Node 19 100.000000 29.349464 -inf [23]
#2: (17,19) 0.000000 7.436627   
#2: (20,19) 100.000000 9.515249 SL
#2: Node 15 100.000000 25.023252 -inf [24]
#2: (10,15) 100.000000 13.722370 SL
#2: (14,15) 0.000000 12.234339   
#2: (19,15) 0.000000 4.335531   
#2: (22,15) 0.000000 9.057167   
#3: Printing bush information for bush 3
#3: 3 2800.000000 24.660291 24.660291 [1]
#3: Node 1 642.403015 28.668878 28.668878 [2]
#3: (3,1) 642.403015 4.008587
#3: Node 4 1657.596985 28.929693 -inf [3]
#3: (3,4) 1657.596985 4.269402
#3: Node 12 500.000000 20.640500 20.640500 [4]
#3: (3,12) 500.000000 4.020179
#3: Node 2 542.403015 34.669694 34.669694 [5]
#3: (1,2) 542.403015 6.000816
#3: Node 5 1057.596985 31.245067 -inf [6]
#3: (4,5) 1057.596985 2.315374
#3: Node 11 400.000000 26.631558 -inf [7]
#3: (4,11) 400.000000 7.133300 SL
#3: (12,11) 0.000000 13.735156   
#3: Node 13 300.000000 17.617021 17.617021 [8]
#3: (12,13) 300.000000 3.022797
#3: Node 6 793.974740 41.243292 -inf [9]
#3: (2,6) 442.403015 6.573598  L
#3: (5,6) 351.571725 9.998225 S 
#3: Node 9 606.025260 40.896378 -inf [10]
#3: (5,9) 606.025260 9.651311
#3: Node 14 100.000000 12.788913 12.788913 [11]
#3: (11,14) 100.000000 13.691286
#3: Node 24 200.000000 0.000000 0.000000 [12]
#3: (13,24) 200.000000 17.661008
#3: Node 8 498.793301 31.709792 -inf [13]
#3: (6,8) 493.974740 14.690955 SL
#3: (9,8) 4.818561 15.037870   
#3: Node 10 501.206699 38.834813 -inf [14]
#3: (9,10) 501.206699 5.682533 SL
#3: (11,10) 0.000000 12.203255   
#3: Node 21 100.000000 11.752579 11.752579 [15]
#3: (24,21) 100.000000 11.752579
#3: Node 23 100.000000 3.722947 3.722947 [16]
#3: (14,23) 0.000000 9.079344   
#3: (24,23) 100.000000 3.722947 SL
#3: Node 7 100.000000 26.157632 -inf [17]
#3: (8,7) 100.000000 5.501413
#3: Node 15 100.000000 25.023252 -inf [18]
#3: (10,15) 100.000000 13.722370 SL
#3: (14,15) 0.000000 12.234339   
#3: Node 17 100.000000 36.761739 -inf [19]
#3: (10,17) 100.000000 16.308017
#3: Node 18 0.000000 24.094445 -inf [20]
#3: (7,18) 0.000000 2.062226
#3: Node 22 100.000000 15.966085 -inf [21]
#3: (15,22) 0.000000 9.088144   
#3: (21,22) 100.000000 4.213506 SL
#3: (23,22) 0.000000 12.243138   
#3: Node 19 0.000000 29.349464 -inf [22]
#3: (15,19) 0.000000 4.326212 S 
#3: (17,19) 0.000000 7.436627   
#3: Node 16 200.000000 27.260280 -inf [23]
#3: (8,16) 198.793301 10.729474 SL
#3: (10,16) 1.206699 20.084810   
#3: (17,16) 0.000000 9.472854   
#3: (18,16) 0.000000 3.165835   
#3: Node 20 0.000000 19.834215 -inf [24]
#3: (18,20) 0.000000 4.259371 S 
#3: (19,20) 0.000000 9.459064   
#3: (21,20) 0.000000 8.081636   
#3: (22,20) 0.000000 7.713130   
#4: Printing bush information for bush 4
#4: 4 11600.000000 28.929693 -inf [1]
#4: Node 3 2500.000000 24.660291 24.660291 [2]
#4: (4,3) 2500.000000 4.271268
#4: Node 5 6700.000000 31.245067 -inf [3]
#4: (4,5) 6700.000000 2.315374
#4: Node 11 2400.000000 26.631558 -inf [4]
#4: (4,11) 2400.000000 7.133300
#4: Node 1 700.000000 28.668878 28.668878 [5]
#4: (3,1) 700.000000 4.008587
#4: Node 6 1108.244134 41.243292 -inf [6]
#4: (5,6) 1108.244134 9.998225
#4: Node 9 5091.755866 40.896378 -inf [7]
#4: (5,9) 5091.755866 9.651311
#4: Node 12 1600.000000 20.640500 20.640500 [8]
#4: (3,12) 1600.000000 4.020179 SL
#4: (11,12) 0.000000 13.590228   
#4: Node 14 1000.000000 12.788913 12.788913 [9]
#4: (11,14) 1000.000000 13.691286
#4: Node 2 200.000000 34.669694 34.669694 [10]
#4: (1,2) 200.000000 6.000816 SL
#4: (6,2) 0.000000 6.599518   
#4: Node 8 2113.203606 31.709792 -inf [11]
#4: (6,8) 708.244134 14.690955 S 
#4: (9,8) 1404.959472 15.037870  L
#4: Node 10 2986.796394 38.834813 -inf [12]
#4: (9,10) 2986.796394 5.682533 SL
#4: (11,10) 0.000000 12.203255   
#4: Node 13 1000.000000 17.617021 17.617021 [13]
#4: (12,13) 1000.000000 3.022797
#4: Node 7 800.000000 26.157632 -inf [14]
#4: (8,7) 800.000000 5.501413
#4: Node 15 1100.000000 25.023252 -inf [15]
#4: (10,15) 1100.000000 13.722370 SL
#4: (14,15) 0.000000 12.234339   
#4: Node 17 500.000000 36.761739 -inf [16]
#4: (10,17) 500.000000 16.308017
#4: Node 24 400.000000 0.000000 0.000000 [17]
#4: (13,24) 400.000000 17.661008
#4: Node 18 400.000000 24.094445 -inf [18]
#4: (7,18) 400.000000 2.062226
#4: Node 19 200.000000 29.349464 -inf [19]
#4: (15,19) 200.000000 4.326212 SL
#4: (17,19) 0.000000 7.436627   
#4: Node 23 500.000000 3.722947 3.722947 [20]
#4: (14,23) 500.000000 9.079344 SL
#4: (24,23) 0.000000 3.722947   
#4: Node 16 800.000000 27.260280 -inf [21]
#4: (8,16) 613.203606 10.729474 S 
#4: (10,16) 186.796394 20.084810  L
#4: (17,16) 0.000000 9.472854   
#4: (18,16) 0.000000 3.165835   
#4: Node 20 300.000000 19.834215 -inf [22]
#4: (18,20) 300.000000 4.259371 SL
#4: (19,20) 0.000000 9.459064   
#4: Node 22 400.000000 15.966085 -inf [23]
#4: (15,22) 400.000000 9.088144 SL
#4: (20,22) 0.000000 7.713130   
#4: (23,22) 0.000000 12.243138   
#4: Node 21 200.000000 11.752579 11.752579 [24]
#4: (20,21) 0.000000 8.165661   
#4: (22,21) 0.000000 4.201050   
#4: (24,21) 200.000000 11.752579 SL
#5: Printing bush information for bush 5
#5: 5 6100.000000 31.245067 -inf [1]
#5: Node 4 1995.292017 28.929693 -inf [2]
#5: (5,4) 1995.292017 2.317072
#5: Node 6 1472.998381 41.243292 -inf [3]
#5: (5,6) 1472.998381 9.998225
#5: Node 9 2631.709602 40.896378 -inf [4]
#5: (5,9) 2631.709602 9.651311
#5: Node 3 795.292017 24.660291 24.660291 [5]
#5: (4,3) 795.292017 4.271268
#5: Node 11 700.000000 26.631558 -inf [6]
#5: (4,11) 700.000000 7.133300
#5: Node 8 1268.290398 31.709792 -inf [7]
#5: (6,8) 1268.290398 14.690955 SL
#5: (9,8) 0.000000 15.037870   
#5: Node 1 295.292017 28.668878 28.668878 [8]
#5: (3,1) 295.292017 4.008587
#5: Node 10 1831.709602 38.834813 -inf [9]
#5: (9,10) 1831.709602 5.682533 SL
#5: (11,10) 0.000000 12.203255   
#5: Node 12 400.000000 20.640500 20.640500 [10]
#5: (3,12) 400.000000 4.020179 SL
#5: (11,12) 0.000000 13.590228   
#5: Node 14 200.000000 12.788913 12.788913 [11]
#5: (11,14) 200.000000 13.691286
#5: Node 7 435.352123 26.157632 -inf [12]
#5: (8,7) 435.352123 5.501413
#5: Node 2 100.000000 34.669694 34.669694 [13]
#5: (1,2) 95.292017 6.000816 S 
#5: (6,2) 4.707983 6.599518  L
#5: Node 17 200.000000 36.761739 -inf [14]
#5: (10,17) 200.000000 16.308017
#5: Node 13 200.000000 17.617021 17.617021 [15]
#5: (12,13) 200.000000 3.022797
#5: Node 15 600.000000 25.023252 -inf [16]
#5: (10,15) 600.000000 13.722370 SL
#5: (14,15) 0.000000 12.234339   
#5: Node 18 235.352123 24.094445 -inf [17]
#5: (7,18) 235.352123 2.062226
#5: Node 24 0.000000 0.000000 0.000000 [18]
#5: (13,24) 0.000000 17.661008
#5: Node 19 100.000000 29.349464 -inf [19]
#5: (15,19) 100.000000 4.326212 SL
#5: (17,19) 0.000000 7.436627   
#5: Node 16 500.000000 27.260280 -inf [20]
#5: (8,16) 332.938275 10.729474 S 
#5: (10,16) 31.709602 20.084810   
#5: (17,16) 0.000000 9.472854   
#5: (18,16) 135.352123 3.165835  L
#5: Node 23 100.000000 3.722947 3.722947 [21]
#5: (14,23) 100.000000 9.079344 SL
#5: (24,23) 0.000000 3.722947   
#5: Node 20 100.000000 19.834215 -inf [22]
#5: (18,20) 100.000000 4.259371 SL
#5: (19,20) 0.000000 9.459064   
#5: Node 22 300.000000 15.966085 -inf [23]
#5: (15,22) 300.000000 9.088144 SL
#5: (20,22) 0.000000 7.713130   
#5: (23,22) 0.000000 12.243138   
#5: Node 21 100.000000 11.752579 11.752579 [24]
#5: (20,21) 0.000000 8.165661   
#5: (22,21) 100.000000 4.201050 SL
#5: (24,21) 0.000000 11.752579   
#6: Printing bush information for bush 6
#6: 6 7600.000000 41.243292 -inf [1]
#6: Node 2 948.297894 34.669694 34.669694 [2]
#6: (6,2) 948.297894 6.599518
#6: Node 5 3151.702106 31.245067 -inf [3]
#6: (6,5) 3151.702106 10.020703
#6: Node 8 3500.000000 31.709792 -inf [4]
#6: (6,8) 3500.000000 14.690955
#6: Node 1 548.297894 28.668878 28.668878 [5]
#6: (2,1) 548.297894 6.000834
#6: Node 4 1551.702106 28.929693 -inf [6]
#6: (5,4) 1551.702106 2.317072
#6: Node 7 1628.809093 26.157632 -inf [7]
#6: (8,7) 1628.809093 5.501413
#6: Node 9 1400.000000 40.896378 -inf [8]
#6: (5,9) 1400.000000 9.651311 SL
#6: (8,9) 0.000000 15.174708   
#6: Node 3 800.000000 24.660291 24.660291 [9]
#6: (1,3) 248.297894 4.008691  L
#6: (4,3) 551.702106 4.271268 S 
#6: Node 11 600.000000 26.631558 -inf [10]
#6: (4,11) 600.000000 7.133300
#6: Node 18 1228.809093 24.094445 -inf [11]
#6: (7,18) 1228.809093 2.062226
#6: Node 10 1000.000000 38.834813 -inf [12]
#6: (9,10) 1000.000000 5.682533 SL
#6: (11,10) 0.000000 12.203255   
#6: Node 12 500.000000 20.640500 20.640500 [13]
#6: (3,12) 500.000000 4.020179 SL
#6: (11,12) 0.000000 13.590228   
#6: Node 14 200.000000 12.788913 12.788913 [14]
#6: (11,14) 200.000000 13.691286
#6: Node 20 800.000000 19.834215 -inf [15]
#6: (18,20) 800.000000 4.259371
#6: Node 16 1400.000000 27.260280 -inf [16]
#6: (8,16) 1071.190907 10.729474 SL
#6: (10,16) 0.000000 20.084810   
#6: (18,16) 328.809093 3.165835   
#6: Node 13 300.000000 17.617021 17.617021 [17]
#6: (12,13) 300.000000 3.022797
#6: Node 22 200.000000 15.966085 -inf [18]
#6: (20,22) 200.000000 7.713130
#6: Node 17 500.000000 36.761739 -inf [19]
#6: (10,17) 0.000000 16.308017   
#6: (16,17) 500.000000 9.501458 SL
#6: Node 21 100.000000 11.752579 11.752579 [20]
#6: (20,21) 100.000000 8.165661 SL
#6: (22,21) 0.000000 4.201050   
#6: Node 19 200.000000 29.349464 -inf [21]
#6: (17,19) 0.000000 7.436627   
#6: (20,19) 200.000000 9.515249 SL
#6: Node 24 100.000000 0.000000 0.000000 [22]
#6: (13,24) 100.000000 17.661008 SL
#6: (21,24) 0.000000 11.924060   
#6: Node 15 200.000000 25.023252 -inf [23]
#6: (10,15) 200.000000 13.722370 SL
#6: (14,15) 0.000000 12.234339   
#6: (19,15) 0.000000 4.335531   
#6: (22,15) 0.000000 9.057167   
#6: Node 23 100.000000 3.722947 3.722947 [24]
#6: (14,23) 100.000000 9.079344 SL
#6: (22,23) 0.000000 12.365805   
#6: (24,23) 0.000000 3.722947   
#7: Printing bush information for bush 7
#7: 7 12100.000000 26.157632 -inf [1]
#7: Node 18 7928.379820 24.094445 -inf [2]
#7: (7,18) 7928.379820 2.062226
#7: Node 16 4800.000000 27.260280 -inf [3]
#7: (18,16) 4800.000000 3.165835
#7: Node 20 2928.379820 19.834215 -inf [4]
#7: (18,20) 2928.379820 4.259371
#7: Node 8 4171.620180 31.709792 -inf [5]
#7: (7,8) 4171.620180 5.552160 SL
#7: (16,8) 0.000000 10.778812   
#7: Node 17 1000.000000 36.761739 -inf [6]
#7: (16,17) 1000.000000 9.501458
#7: Node 22 700.000000 15.966085 -inf [7]
#7: (20,22) 700.000000 7.713130
#7: Node 6 2519.283222 41.243292 -inf [8]
#7: (8,6) 2519.283222 14.824160
#7: Node 9 652.336958 40.896378 -inf [9]
#7: (8,9) 652.336958 15.174708
#7: Node 19 1100.000000 29.349464 -inf [10]
#7: (17,19) 0.000000 7.436627   
#7: (20,19) 1100.000000 9.515249 SL
#7: Node 21 628.379820 11.752579 11.752579 [11]
#7: (20,21) 628.379820 8.165661 SL
#7: (22,21) 0.000000 4.201050   
#7: Node 23 200.000000 3.722947 3.722947 [12]
#7: (22,23) 200.000000 12.365805
#7: Node 2 738.847595 34.669694 34.669694 [13]
#7: (6,2) 738.847595 6.599518
#7: Node 5 1432.772584 31.245067 -inf [14]
#7: (6,5) 1380.435627 10.020703  L
#7: (9,5) 52.336958 9.670155 S 
#7: Node 15 700.000000 25.023252 -inf [15]
#7: (19,15) 700.000000 4.335531 SL
#7: (22,15) 0.000000 9.057167   
#7: Node 24 428.379820 0.000000 0.000000 [16]
#7: (21,24) 428.379820 11.924060 SL
#7: (23,24) 0.000000 3.759304   
#7: Node 1 538.847595 28.668878 28.668878 [17]
#7: (2,1) 538.847595 6.000834
#7: Node 4 1232.772584 28.929693 -inf [18]
#7: (5,4) 1232.772584 2.317072
#7: Node 10 2400.000000 38.834813 -inf [19]
#7: (9,10) 0.000000 5.682533   
#7: (15,10) 0.000000 13.811560   
#7: (16,10) 2400.000000 20.236276 SL
#7: (17,10) 0.000000 16.308017   
#7: Node 14 200.000000 12.788913 12.788913 [20]
#7: (15,14) 200.000000 12.374605 SL
#7: (23,14) 0.000000 9.065967   
#7: Node 3 871.620180 24.660291 24.660291 [21]
#7: (1,3) 38.847595 4.008691  L
#7: (4,3) 832.772584 4.271268 S 
#7: Node 11 500.000000 26.631558 -inf [22]
#7: (4,11) 0.000000 7.133300   
#7: (10,11) 500.000000 12.405689 SL
#7: (14,11) 0.000000 13.842645   
#7: Node 12 771.620180 20.640500 20.640500 [23]
#7: (3,12) 771.620180 4.020179 SL
#7: (11,12) 0.000000 13.590228   
#7: Node 13 400.000000 17.617021 17.617021 [24]
#7: (12,13) 71.620180 3.022797 S 
#7: (24,13) 328.379820 17.617021  L
#8: Printing bush information for bush 8
#8: 8 16700.000000 31.709792 -inf [1]
#8: Node 6 3429.520661 41.243292 -inf [2]
#8: (8,6) 3429.520661 14.824160
#8: Node 7 5301.469570 26.157632 -inf [3]
#8: (8,7) 5301.469570 5.501413
#8: Node 9 4370.479339 40.896378 -inf [4]
#8: (8,9) 4370.479339 15.174708
#8: Node 2 1704.790760 34.669694 34.669694 [5]
#8: (6,2) 1704.790760 6.599518
#8: Node 18 4301.469570 24.094445 -inf [6]
#8: (7,18) 4301.469570 2.062226
#8: Node 5 2095.209240 31.245067 -inf [7]
#8: (6,5) 924.729901 10.020703  L
#8: (9,5) 1170.479339 9.670155 S 
#8: Node 1 1304.790760 28.668878 28.668878 [8]
#8: (2,1) 1304.790760 6.000834
#8: Node 16 3600.000000 27.260280 -inf [9]
#8: (8,16) 3598.530430 10.729474 SL
#8: (18,16) 1.469570 3.165835   
#8: Node 20 4000.000000 19.834215 -inf [10]
#8: (18,20) 4000.000000 4.259371
#8: Node 4 1595.209240 28.929693 -inf [11]
#8: (5,4) 1595.209240 2.317072
#8: Node 17 1400.000000 36.761739 -inf [12]
#8: (16,17) 1400.000000 9.501458
#8: Node 22 800.000000 15.966085 -inf [13]
#8: (20,22) 800.000000 7.713130
#8: Node 3 1400.000000 24.660291 24.660291 [14]
#8: (1,3) 504.790760 4.008691  L
#8: (4,3) 895.209240 4.271268 S 
#8: Node 10 2400.000000 38.834813 -inf [15]
#8: (9,10) 2400.000000 5.682533 SL
#8: (16,10) 0.000000 20.236276   
#8: (17,10) 0.000000 16.308017   
#8: Node 19 1700.000000 29.349464 -inf [16]
#8: (17,19) 0.000000 7.436627   
#8: (20,19) 1700.000000 9.515249 SL
#8: Node 21 600.000000 11.752579 11.752579 [17]
#8: (20,21) 600.000000 8.165661 SL
#8: (22,21) 0.000000 4.201050   
#8: Node 23 300.000000 3.722947 3.722947 [18]
#8: (22,23) 300.000000 12.365805
#8: Node 11 800.000000 26.631558 -inf [19]
#8: (4,11) 0.000000 7.133300   
#8: (10,11) 800.000000 12.405689 SL
#8: Node 15 1000.000000 25.023252 -inf [20]
#8: (10,15) 0.000000 13.722370   
#8: (19,15) 1000.000000 4.335531 SL
#8: (22,15) 0.000000 9.057167   
#8: Node 24 200.000000 0.000000 0.000000 [21]
#8: (21,24) 200.000000 11.924060 SL
#8: (23,24) 0.000000 3.759304   
#8: Node 12 1200.000000 20.640500 20.640500 [22]
#8: (3,12) 1200.000000 4.020179 SL
#8: (11,12) 0.000000 13.590228   
#8: Node 14 400.000000 12.788913 12.788913 [23]
#8: (11,14) 0.000000 13.691286   
#8: (15,14) 400.000000 12.374605 SL
#8: (23,14) 0.000000 9.065967   
#8: Node 13 600.000000 17.617021 17.617021 [24]
#8: (12,13) 600.000000 3.022797 SL
#8: (24,13) 0.000000 17.617021   
#9: Printing bush information for bush 9
#9: 9 16200.000000 40.896378 -inf [1]
#9: Node 5 4100.000000 31.245067 -inf [2]
#9: (9,5) 4100.000000 9.670155
#9: Node 8 3026.757055 31.709792 -inf [3]
#9: (9,8) 3026.757055 15.037870
#9: Node 10 9073.242945 38.834813 -inf [4]
#9: (9,10) 9073.242945 5.682533
#9: Node 4 2797.207304 28.929693 -inf [5]
#9: (5,4) 2797.207304 2.317072
#9: Node 6 502.792696 41.243292 -inf [6]
#9: (5,6) 502.792696 9.998225 SL
#9: (8,6) 0.000000 14.824160   
#9: Node 7 1400.000000 26.157632 -inf [7]
#9: (8,7) 1400.000000 5.501413
#9: Node 15 3230.511326 25.023252 -inf [8]
#9: (10,15) 3230.511326 13.722370
#9: Node 17 900.000000 36.761739 -inf [9]
#9: (10,17) 900.000000 16.308017
#9: Node 3 2097.207304 24.660291 24.660291 [10]
#9: (4,3) 2097.207304 4.271268
#9: Node 11 1569.488674 26.631558 -inf [11]
#9: (4,11) 0.000000 7.133300   
#9: (10,11) 1569.488674 12.405689 SL
#9: Node 18 800.000000 24.094445 -inf [12]
#9: (7,18) 800.000000 2.062226
#9: Node 19 400.000000 29.349464 -inf [13]
#9: (15,19) 400.000000 4.326212 SL
#9: (17,19) 0.000000 7.436627   
#9: Node 1 597.207304 28.668878 28.668878 [14]
#9: (3,1) 597.207304 4.008587
#9: Node 12 1400.000000 20.640500 20.640500 [15]
#9: (3,12) 1400.000000 4.020179 SL
#9: (11,12) 0.000000 13.590228   
#9: Node 14 804.198785 12.788913 12.788913 [16]
#9: (11,14) 169.488674 13.691286   
#9: (15,14) 634.710111 12.374605 SL
#9: Node 16 1400.000000 27.260280 -inf [17]
#9: (8,16) 826.757055 10.729474  L
#9: (10,16) 573.242945 20.084810 S 
#9: (17,16) 0.000000 9.472854   
#9: (18,16) 0.000000 3.165835   
#9: Node 20 600.000000 19.834215 -inf [18]
#9: (18,20) 600.000000 4.259371 SL
#9: (19,20) 0.000000 9.459064   
#9: Node 2 200.000000 34.669694 34.669694 [19]
#9: (1,2) 97.207304 6.000816 SL
#9: (6,2) 102.792696 6.599518   
#9: Node 13 800.000000 17.617021 17.617021 [20]
#9: (12,13) 800.000000 3.022797
#9: Node 22 1295.801215 15.966085 -inf [21]
#9: (15,22) 1295.801215 9.088144 SL
#9: (20,22) 0.000000 7.713130   
#9: Node 21 300.000000 11.752579 11.752579 [22]
#9: (20,21) 0.000000 8.165661   
#9: (22,21) 300.000000 4.201050 SL
#9: Node 23 500.000000 3.722947 3.722947 [23]
#9: (14,23) 204.198785 9.079344 S 
#9: (22,23) 295.801215 12.365805  L
#9: Node 24 200.000000 0.000000 0.000000 [24]
#9: (13,24) 200.000000 17.661008 SL
#9: (21,24) 0.000000 11.924060   
#9: (23,24) 0.000000 3.759304   
#10: Printing bush information for bush 10
#10: 10 45200.000000 38.834813 -inf [1]
#10: Node 9 10604.707472 40.896378 -inf [2]
#10: (10,9) 10604.707472 5.717243
#10: Node 11 7743.794999 26.631558 -inf [3]
#10: (10,11) 7743.794999 12.405689
#10: Node 15 14758.608258 25.023252 -inf [4]
#10: (10,15) 14758.608258 13.722370
#10: Node 17 3900.000000 36.761739 -inf [5]
#10: (10,17) 3900.000000 16.308017
#10: Node 5 6204.707472 31.245067 -inf [6]
#10: (9,5) 6204.707472 9.670155
#10: Node 14 2121.272081 12.788913 12.788913 [7]
#10: (11,14) 848.502471 13.691286  L
#10: (15,14) 1272.769610 12.374605 S 
#10: Node 22 6378.727919 15.966085 -inf [8]
#10: (15,22) 6378.727919 9.088144
#10: Node 16 8192.889271 27.260280 -inf [9]
#10: (10,16) 8192.889271 20.084810 SL
#10: (17,16) 0.000000 9.472854   
#10: Node 19 3107.110729 29.349464 -inf [10]
#10: (15,19) 3107.110729 4.326212 SL
#10: (17,19) 0.000000 7.436627   
#10: Node 4 3804.708231 28.929693 -inf [11]
#10: (5,4) 3804.708231 2.317072 SL
#10: (11,4) 0.000000 7.223025   
#10: Node 21 1854.147955 11.752579 11.752579 [12]
#10: (22,21) 1854.147955 4.201050
#10: Node 23 1945.852045 3.722947 3.722947 [13]
#10: (14,23) 21.272081 9.079344 SL
#10: (22,23) 1924.579964 12.365805   
#10: Node 8 1600.000000 31.709792 -inf [14]
#10: (9,8) 1600.000000 15.037870 SL
#10: (16,8) 0.000000 10.778812   
#10: Node 18 3792.889271 24.094445 -inf [15]
#10: (16,18) 3792.889271 3.163465
#10: Node 3 2604.708231 24.660291 24.660291 [16]
#10: (4,3) 2604.708231 4.271268
#10: Node 6 1399.999241 41.243292 -inf [17]
#10: (5,6) 1399.999241 9.998225 SL
#10: (8,6) 0.000000 14.824160   
#10: Node 7 1900.000000 26.157632 -inf [18]
#10: (8,7) 0.000000 5.501413   
#10: (18,7) 1900.000000 2.063186 SL
#10: Node 20 2500.000000 19.834215 -inf [19]
#10: (18,20) 1192.889271 4.259371  L
#10: (19,20) 1307.110729 9.459064 S 
#10: (21,20) 0.000000 8.081636   
#10: (22,20) 0.000000 7.713130   
#10: Node 1 1300.000759 28.668878 28.668878 [20]
#10: (3,1) 1300.000759 4.008587
#10: Node 12 3900.000000 20.640500 20.640500 [21]
#10: (3,12) 1004.707472 4.020179  L
#10: (11,12) 2895.292528 13.590228 S 
#10: Node 2 600.000000 34.669694 34.669694 [22]
#10: (1,2) 0.000759 6.000816 SL
#10: (6,2) 599.999241 6.599518   
#10: Node 13 1900.000000 17.617021 17.617021 [23]
#10: (12,13) 1900.000000 3.022797
#10: Node 24 800.000000 0.000000 0.000000 [24]
#10: (13,24) 0.000000 17.661008   
#10: (21,24) 654.147955 11.924060 S 
#10: (23,24) 145.852045 3.759304  L
#11: Printing bush information for bush 11
#11: 11 22300.000000 26.631558 -inf [1]
#11: Node 4 3400.000000 28.929693 -inf [2]
#11: (11,4) 3400.000000 7.223025
#11: Node 10 10723.193346 38.834813 -inf [3]
#11: (11,10) 10723.193346 12.203255
#11: Node 14 5776.806654 12.788913 12.788913 [4]
#11: (11,14) 5776.806654 13.691286
#11: Node 3 1000.000000 24.660291 24.660291 [5]
#11: (4,3) 1000.000000 4.271268
#11: Node 5 900.000000 31.245067 -inf [6]
#11: (4,5) 900.000000 2.315374
#11: Node 17 1000.000000 36.761739 -inf [7]
#11: (10,17) 1000.000000 16.308017
#11: Node 15 2415.363732 25.023252 -inf [8]
#11: (10,15) 1614.644887 13.722370 S 
#11: (14,15) 800.718845 12.234339  L
#11: Node 23 3376.087808 3.722947 3.722947 [9]
#11: (14,23) 3376.087808 9.079344
#11: Node 1 700.000000 28.668878 28.668878 [10]
#11: (3,1) 700.000000 4.008587
#11: Node 12 2400.000000 20.640500 20.640500 [11]
#11: (3,12) 0.000000 4.020179   
#11: (11,12) 2400.000000 13.590228 SL
#11: Node 6 400.000000 41.243292 -inf [12]
#11: (5,6) 400.000000 9.998225
#11: Node 9 2200.000000 40.896378 -inf [13]
#11: (5,9) 0.000000 9.651311   
#11: (10,9) 2200.000000 5.717243 SL
#11: Node 16 2008.548460 27.260280 -inf [14]
#11: (10,16) 2008.548460 20.084810 SL
#11: (17,16) 0.000000 9.472854   
#11: Node 19 991.451540 29.349464 -inf [15]
#11: (15,19) 991.451540 4.326212 SL
#11: (17,19) 0.000000 7.436627   
#11: Node 22 1100.000000 15.966085 -inf [16]
#11: (15,22) 23.912192 9.088144  L
#11: (23,22) 1076.087808 12.243138 S 
#11: Node 13 1000.000000 17.617021 17.617021 [17]
#11: (12,13) 1000.000000 3.022797
#11: Node 2 200.000000 34.669694 34.669694 [18]
#11: (1,2) 200.000000 6.000816 SL
#11: (6,2) 0.000000 6.599518   
#11: Node 8 800.000000 31.709792 -inf [19]
#11: (6,8) 0.000000 14.690955   
#11: (9,8) 800.000000 15.037870 SL
#11: (16,8) 0.000000 10.778812   
#11: Node 18 608.548460 24.094445 -inf [20]
#11: (16,18) 608.548460 3.163465
#11: Node 24 1000.000000 0.000000 0.000000 [21]
#11: (13,24) 0.000000 17.661008   
#11: (23,24) 1000.000000 3.759304 SL
#11: Node 7 500.000000 26.157632 -inf [22]
#11: (8,7) 0.000000 5.501413   
#11: (18,7) 500.000000 2.063186 SL
#11: Node 21 400.000000 11.752579 11.752579 [23]
#11: (22,21) 0.000000 4.201050   
#11: (24,21) 400.000000 11.752579 SL
#11: Node 20 600.000000 19.834215 -inf [24]
#11: (18,20) 8.548460 4.259371   
#11: (19,20) 591.451540 9.459064 SL
#11: (21,20) 0.000000 8.081636   
#11: (22,20) 0.000000 7.713130   
#12: Printing bush information for bush 12
#12: 12 13900.000000 20.640500 20.640500 [1]
#12: Node 3 4998.419930 24.660291 24.660291 [2]
#12: (12,3) 4998.419930 4.019790
#12: Node 13 3900.000000 17.617021 17.617021 [3]
#12: (12,13) 3900.000000 3.022797
#12: Node 1 300.000000 28.668878 28.668878 [4]
#12: (3,1) 300.000000 4.008587
#12: Node 4 4498.419930 28.929693 -inf [5]
#12: (3,4) 4498.419930 4.269402
#12: Node 24 2600.000000 0.000000 0.000000 [6]
#12: (13,24) 2600.000000 17.661008
#12: Node 2 100.000000 34.669694 34.669694 [7]
#12: (1,2) 100.000000 6.000816
#12: Node 5 3898.419930 31.245067 -inf [8]
#12: (4,5) 3898.419930 2.315374
#12: Node 11 5001.580070 26.631558 -inf [9]
#12: (4,11) 0.000000 7.133300   
#12: (12,11) 5001.580070 13.735156 SL
#12: Node 21 839.929058 11.752579 11.752579 [10]
#12: (24,21) 839.929058 11.752579
#12: Node 23 1260.070942 3.722947 3.722947 [11]
#12: (24,23) 1260.070942 3.722947
#12: Node 6 2347.299490 41.243292 -inf [12]
#12: (2,6) 0.000000 6.573598   
#12: (5,6) 2347.299490 9.998225 SL
#12: Node 9 1351.120440 40.896378 -inf [13]
#12: (5,9) 1351.120440 9.651311
#12: Node 14 1077.967180 12.788913 12.788913 [14]
#12: (11,14) 1077.967180 13.691286 SL
#12: (23,14) 0.000000 9.065967   
#12: Node 22 700.000000 15.966085 -inf [15]
#12: (21,22) 139.929058 4.213506 S 
#12: (23,22) 560.070942 12.243138  L
#12: Node 8 2147.299490 31.709792 -inf [16]
#12: (6,8) 2147.299490 14.690955 SL
#12: (9,8) 0.000000 15.037870   
#12: Node 10 3274.733330 38.834813 -inf [17]
#12: (9,10) 751.120440 5.682533  L
#12: (11,10) 2523.612890 12.203255 S 
#12: Node 20 400.000000 19.834215 -inf [18]
#12: (21,20) 400.000000 8.081636 SL
#12: (22,20) 0.000000 7.713130   
#12: Node 7 900.000000 26.157632 -inf [19]
#12: (8,7) 900.000000 5.501413
#12: Node 15 1000.000000 25.023252 -inf [20]
#12: (10,15) 622.032820 13.722370 SL
#12: (14,15) 377.967180 12.234339   
#12: (22,15) 0.000000 9.057167   
#12: Node 17 600.000000 36.761739 -inf [21]
#12: (10,17) 600.000000 16.308017
#12: Node 18 200.000000 24.094445 -inf [22]
#12: (7,18) 200.000000 2.062226 SL
#12: (20,18) 0.000000 4.260230   
#12: Node 19 300.000000 29.349464 -inf [23]
#12: (15,19) 300.000000 4.326212 SL
#12: (17,19) 0.000000 7.436627   
#12: (20,19) 0.000000 9.515249   
#12: Node 16 700.000000 27.260280 -inf [24]
#12: (8,16) 647.299490 10.729474 S 
#12: (10,16) 52.700510 20.084810  L
#12: (17,16) 0.000000 9.472854   
#12: (18,16) 0.000000 3.165835   
#13: Printing bush information for bush 13
#13: 13 14600.000000 17.617021 17.617021 [1]
#13: Node 12 7878.642040 20.640500 20.640500 [2]
#13: (13,12) 7878.642040 3.023480
#13: Node 24 6721.357960 0.000000 0.000000 [3]
#13: (13,24) 6721.357960 17.661008
#13: Node 3 3175.287486 24.660291 24.660291 [4]
#13: (12,3) 3175.287486 4.019790
#13: Node 21 3022.325634 11.752579 11.752579 [5]
#13: (24,21) 3022.325634 11.752579
#13: Node 23 2899.032326 3.722947 3.722947 [6]
#13: (24,23) 2899.032326 3.722947
#13: Node 1 952.096535 28.668878 28.668878 [7]
#13: (3,1) 952.096535 4.008587
#13: Node 4 2123.190951 28.929693 -inf [8]
#13: (3,4) 2123.190951 4.269402
#13: Node 22 1592.279097 15.966085 -inf [9]
#13: (21,22) 750.964239 4.213506 S 
#13: (23,22) 841.314858 12.243138  L
#13: Node 2 452.096535 34.669694 34.669694 [10]
#13: (1,2) 452.096535 6.000816
#13: Node 5 1523.190951 31.245067 -inf [11]
#13: (4,5) 1523.190951 2.315374
#13: Node 11 3403.354554 26.631558 -inf [12]
#13: (4,11) 0.000000 7.133300   
#13: (12,11) 3403.354554 13.735156 SL
#13: Node 20 1671.361396 19.834215 -inf [13]
#13: (21,20) 1671.361396 8.081636 SL
#13: (22,20) 0.000000 7.713130   
#13: Node 6 875.116598 41.243292 -inf [14]
#13: (2,6) 152.096535 6.573598  L
#13: (5,6) 723.020063 9.998225 S 
#13: Node 9 600.170888 40.896378 -inf [15]
#13: (5,9) 600.170888 9.651311
#13: Node 14 1261.072022 12.788913 12.788913 [16]
#13: (11,14) 3.354554 13.691286  L
#13: (23,14) 1257.717468 9.065967 S 
#13: Node 18 1024.712514 24.094445 -inf [17]
#13: (20,18) 1024.712514 4.260230
#13: Node 8 675.287486 31.709792 -inf [18]
#13: (6,8) 675.116598 14.690955 S 
#13: (9,8) 0.170888 15.037870  L
#13: Node 10 2400.000000 38.834813 -inf [19]
#13: (9,10) 0.000000 5.682533   
#13: (11,10) 2400.000000 12.203255 SL
#13: Node 7 400.000000 26.157632 -inf [20]
#13: (8,7) 75.287486 5.501413 S 
#13: (18,7) 324.712514 2.063186  L
#13: Node 15 953.351118 25.023252 -inf [21]
#13: (10,15) 0.000000 13.722370   
#13: (14,15) 661.072022 12.234339  L
#13: (22,15) 292.279097 9.057167 S 
#13: Node 16 600.000000 27.260280 -inf [22]
#13: (8,16) 0.000000 10.729474   
#13: (10,16) 0.000000 20.084810   
#13: (18,16) 600.000000 3.165835 SL
#13: Node 17 500.000000 36.761739 -inf [23]
#13: (10,17) 500.000000 16.308017 SL
#13: (16,17) 0.000000 9.501458   
#13: Node 19 300.000000 29.349464 -inf [24]
#13: (15,19) 253.351118 4.326212  L
#13: (17,19) 0.000000 7.436627   
#13: (20,19) 46.648882 9.515249 S 
#14: Printing bush information for bush 14
#14: 14 14100.000000 12.788913 12.788913 [1]
#14: Node 11 3581.720168 26.631558 -inf [2]
#14: (14,11) 3581.720168 13.842645
#14: Node 15 6835.405228 25.023252 -inf [3]
#14: (14,15) 6835.405228 12.234339
#14: Node 23 3682.874604 3.722947 3.722947 [4]
#14: (14,23) 3682.874604 9.079344
#14: Node 4 1200.000000 28.929693 -inf [5]
#14: (11,4) 1200.000000 7.223025
#14: Node 19 2900.000000 29.349464 -inf [6]
#14: (15,19) 2900.000000 4.326212
#14: Node 22 1200.000000 15.966085 -inf [7]
#14: (15,22) 17.125396 9.088144  L
#14: (23,22) 1182.874604 12.243138 S 
#14: Node 24 1400.000000 0.000000 0.000000 [8]
#14: (23,24) 1400.000000 3.759304
#14: Node 3 500.000000 24.660291 24.660291 [9]
#14: (4,3) 500.000000 4.271268
#14: Node 5 200.000000 31.245067 -inf [10]
#14: (4,5) 200.000000 2.315374
#14: Node 17 1400.000000 36.761739 -inf [11]
#14: (19,17) 1400.000000 7.412274
#14: Node 21 400.000000 11.752579 11.752579 [12]
#14: (22,21) 0.000000 4.201050   
#14: (24,21) 400.000000 11.752579 SL
#14: Node 1 400.000000 28.668878 28.668878 [13]
#14: (3,1) 400.000000 4.008587
#14: Node 12 700.000000 20.640500 20.640500 [14]
#14: (3,12) 0.000000 4.020179   
#14: (11,12) 700.000000 13.590228 SL
#14: Node 6 100.000000 41.243292 -inf [15]
#14: (5,6) 100.000000 9.998225
#14: Node 10 2700.000000 38.834813 -inf [16]
#14: (11,10) 81.720168 12.203255  L
#14: (15,10) 2618.279832 13.811560 S 
#14: (17,10) 0.000000 16.308017   
#14: Node 20 1200.000000 19.834215 -inf [17]
#14: (19,20) 1200.000000 9.459064 SL
#14: (21,20) 0.000000 8.081636   
#14: (22,20) 0.000000 7.713130   
#14: Node 13 600.000000 17.617021 17.617021 [18]
#14: (12,13) 0.000000 3.022797 S 
#14: (24,13) 600.000000 17.617021  L
#14: Node 2 100.000000 34.669694 34.669694 [19]
#14: (1,2) 100.000000 6.000816 SL
#14: (6,2) 0.000000 6.599518   
#14: Node 9 600.000000 40.896378 -inf [20]
#14: (5,9) 0.000000 9.651311   
#14: (10,9) 600.000000 5.717243 SL
#14: Node 18 700.000000 24.094445 -inf [21]
#14: (20,18) 700.000000 4.260230
#14: Node 7 600.000000 26.157632 -inf [22]
#14: (18,7) 600.000000 2.063186
#14: Node 16 700.000000 27.260280 -inf [23]
#14: (10,16) 0.000000 20.084810   
#14: (17,16) 700.000000 9.472854 SL
#14: (18,16) 0.000000 3.165835   
#14: Node 8 400.000000 31.709792 -inf [24]
#14: (6,8) 0.000000 14.690955   
#14: (7,8) 400.000000 5.552160 SL
#14: (9,8) 0.000000 15.037870   
#14: (16,8) 0.000000 10.778812   
#15: Printing bush information for bush 15
#15: 15 21400.000000 25.023252 -inf [1]
#15: Node 14 1388.420692 12.788913 12.788913 [2]
#15: (15,14) 1388.420692 12.374605
#15: Node 19 5900.000000 29.349464 -inf [3]
#15: (15,19) 5900.000000 4.326212
#15: Node 22 5446.098731 15.966085 -inf [4]
#15: (15,22) 5446.098731 9.088144
#15: Node 17 2700.000000 36.761739 -inf [5]
#15: (19,17) 2700.000000 7.412274
#15: Node 21 996.622474 11.752579 11.752579 [6]
#15: (22,21) 996.622474 4.201050
#15: Node 23 1887.392437 3.722947 3.722947 [7]
#15: (14,23) 37.916180 9.079344 S 
#15: (22,23) 1849.476257 12.365805  L
#15: Node 10 8665.480577 38.834813 -inf [8]
#15: (15,10) 8665.480577 13.811560 SL
#15: (17,10) 0.000000 16.308017   
#15: Node 20 2400.000000 19.834215 -inf [9]
#15: (19,20) 2400.000000 9.459064 SL
#15: (21,20) 0.000000 8.081636   
#15: (22,20) 0.000000 7.713130   
#15: Node 24 1084.014911 0.000000 0.000000 [10]
#15: (21,24) 196.622474 11.924060 S 
#15: (23,24) 887.392437 3.759304  L
#15: Node 9 2613.790306 40.896378 -inf [11]
#15: (10,9) 2613.790306 5.717243
#15: Node 11 2102.194784 26.631558 -inf [12]
#15: (10,11) 2051.690271 12.405689 S 
#15: (14,11) 50.504513 13.842645  L
#15: Node 18 1300.000000 24.094445 -inf [13]
#15: (20,18) 1300.000000 4.260230
#15: Node 5 1613.790306 31.245067 -inf [14]
#15: (9,5) 1613.790306 9.670155
#15: Node 7 1100.000000 26.157632 -inf [15]
#15: (18,7) 1100.000000 2.063186
#15: Node 16 1200.000000 27.260280 -inf [16]
#15: (10,16) 0.000000 20.084810   
#15: (17,16) 1200.000000 9.472854 SL
#15: (18,16) 0.000000 3.165835   
#15: Node 4 1121.467776 28.929693 -inf [17]
#15: (5,4) 1121.467776 2.317072 SL
#15: (11,4) 0.000000 7.223025   
#15: Node 8 600.000000 31.709792 -inf [18]
#15: (7,8) 600.000000 5.552160 SL
#15: (9,8) 0.000000 15.037870   
#15: (16,8) 0.000000 10.778812   
#15: Node 3 621.467776 24.660291 24.660291 [19]
#15: (4,3) 621.467776 4.271268
#15: Node 6 292.322530 41.243292 -inf [20]
#15: (5,6) 292.322530 9.998225 SL
#15: (8,6) 0.000000 14.824160   
#15: Node 1 507.677470 28.668878 28.668878 [21]
#15: (3,1) 507.677470 4.008587
#15: Node 12 715.985089 20.640500 20.640500 [22]
#15: (3,12) 13.790306 4.020179  L
#15: (11,12) 702.194784 13.590228 S 
#15: Node 2 100.000000 34.669694 34.669694 [23]
#15: (1,2) 7.677470 6.000816 SL
#15: (6,2) 92.322530 6.599518   
#15: Node 13 700.000000 17.617021 17.617021 [24]
#15: (12,13) 15.985089 3.022797  L
#15: (24,13) 684.014911 17.617021 S 
#16: Printing bush information for bush 16
#16: 16 26100.000000 27.260280 -inf [1]
#16: Node 17 5936.859714 36.761739 -inf [2]
#16: (16,17) 5936.859714 9.501458
#16: Node 18 6763.140286 24.094445 -inf [3]
#16: (16,18) 6763.140286 3.163465
#16: Node 10 6563.376652 38.834813 -inf [4]
#16: (16,10) 6563.376652 20.236276 SL
#16: (17,10) 0.000000 16.308017   
#16: Node 7 1400.000000 26.157632 -inf [5]
#16: (18,7) 1400.000000 2.063186
#16: Node 20 4863.140286 19.834215 -inf [6]
#16: (18,20) 4863.140286 4.259371
#16: Node 11 1692.376138 26.631558 -inf [7]
#16: (10,11) 1692.376138 12.405689
#16: Node 8 6836.623348 31.709792 -inf [8]
#16: (7,8) 0.000000 5.552160   
#16: (16,8) 6836.623348 10.778812 SL
#16: Node 19 3200.000000 29.349464 -inf [9]
#16: (17,19) 3136.859714 7.436627 S 
#16: (20,19) 63.140286 9.515249  L
#16: Node 22 1700.000000 15.966085 -inf [10]
#16: (20,22) 1700.000000 7.713130
#16: Node 6 3576.967890 41.243292 -inf [11]
#16: (8,6) 3576.967890 14.824160
#16: Node 9 1530.655972 40.896378 -inf [12]
#16: (8,9) 1059.655458 15.174708  L
#16: (10,9) 471.000514 5.717243 S 
#16: Node 15 1900.000000 25.023252 -inf [13]
#16: (10,15) 0.000000 13.722370   
#16: (19,15) 1900.000000 4.335531 SL
#16: (22,15) 0.000000 9.057167   
#16: Node 21 1500.000000 11.752579 11.752579 [14]
#16: (20,21) 1500.000000 8.165661 SL
#16: (22,21) 0.000000 4.201050   
#16: Node 23 500.000000 3.722947 3.722947 [15]
#16: (22,23) 500.000000 12.365805
#16: Node 2 900.000000 34.669694 34.669694 [16]
#16: (6,2) 900.000000 6.599518
#16: Node 5 1907.623862 31.245067 -inf [17]
#16: (6,5) 1776.967890 10.020703  L
#16: (9,5) 130.655972 9.670155 S 
#16: Node 14 700.000000 12.788913 12.788913 [18]
#16: (11,14) 0.000000 13.691286   
#16: (15,14) 700.000000 12.374605 SL
#16: (23,14) 0.000000 9.065967   
#16: Node 24 900.000000 0.000000 0.000000 [19]
#16: (21,24) 900.000000 11.924060 SL
#16: (23,24) 0.000000 3.759304   
#16: Node 1 500.000000 28.668878 28.668878 [20]
#16: (2,1) 500.000000 6.000834
#16: Node 4 1407.623862 28.929693 -inf [21]
#16: (5,4) 1407.623862 2.317072 SL
#16: (11,4) 0.000000 7.223025   
#16: Node 13 600.000000 17.617021 17.617021 [22]
#16: (24,13) 600.000000 17.617021
#16: Node 3 607.623862 24.660291 24.660291 [23]
#16: (1,3) 0.000000 4.008691   
#16: (4,3) 607.623862 4.271268 SL
#16: Node 12 700.000000 20.640500 20.640500 [24]
#16: (3,12) 407.623862 4.020179  L
#16: (11,12) 292.376138 13.590228 S 
#16: (13,12) 0.000000 3.023480   
#17: Printing bush information for bush 17
#17: 17 23400.000000 36.761739 -inf [1]
#17: Node 16 8483.838282 27.260280 -inf [2]
#17: (17,16) 8483.838282 9.472854
#17: Node 19 6816.161718 29.349464 -inf [3]
#17: (17,19) 6816.161718 7.436627
#17: Node 18 4113.747225 24.094445 -inf [4]
#17: (16,18) 4113.747225 3.163465
#17: Node 15 4966.603837 25.023252 -inf [5]
#17: (19,15) 4966.603837 4.335531
#17: Node 7 1529.908943 26.157632 -inf [6]
#17: (18,7) 1529.908943 2.063186
#17: Node 20 2133.396163 19.834215 -inf [7]
#17: (18,20) 1983.838282 4.259371 S 
#17: (19,20) 149.557880 9.459064  L
#17: Node 10 8100.000000 38.834813 -inf [8]
#17: (15,10) 0.000000 13.811560   
#17: (16,10) 0.000000 20.236276   
#17: (17,10) 8100.000000 16.308017 SL
#17: Node 14 1078.087372 12.788913 12.788913 [9]
#17: (15,14) 1078.087372 12.374605
#17: Node 8 2100.000000 31.709792 -inf [10]
#17: (7,8) 529.908943 5.552160  L
#17: (16,8) 1570.091057 10.778812 S 
#17: Node 22 2388.516466 15.966085 -inf [11]
#17: (15,22) 2388.516466 9.088144 SL
#17: (20,22) 0.000000 7.713130   
#17: Node 11 2076.046092 26.631558 -inf [12]
#17: (10,11) 2076.046092 12.405689 SL
#17: (14,11) 0.000000 13.842645   
#17: Node 9 2123.953908 40.896378 -inf [13]
#17: (8,9) 0.000000 15.174708   
#17: (10,9) 2123.953908 5.717243 SL
#17: Node 21 876.765380 11.752579 11.752579 [14]
#17: (20,21) 433.396163 8.165661 S 
#17: (22,21) 443.369217 4.201050  L
#17: Node 23 623.234620 3.722947 3.722947 [15]
#17: (14,23) 378.087372 9.079344 SL
#17: (22,23) 245.147249 12.365805   
#17: Node 5 1223.953908 31.245067 -inf [16]
#17: (9,5) 1223.953908 9.670155
#17: Node 24 300.000000 0.000000 0.000000 [17]
#17: (21,24) 276.765380 11.924060 S 
#17: (23,24) 23.234620 3.759304  L
#17: Node 4 1023.953908 28.929693 -inf [18]
#17: (5,4) 1023.953908 2.317072 SL
#17: (11,4) 0.000000 7.223025   
#17: Node 6 700.000000 41.243292 -inf [19]
#17: (5,6) 0.000000 9.998225   
#17: (8,6) 700.000000 14.824160 SL
#17: Node 3 523.953908 24.660291 24.660291 [20]
#17: (4,3) 523.953908 4.271268
#17: Node 2 200.000000 34.669694 34.669694 [21]
#17: (6,2) 200.000000 6.599518
#17: Node 12 1100.000000 20.640500 20.640500 [22]
#17: (3,12) 23.953908 4.020179  L
#17: (11,12) 1076.046092 13.590228 S 
#17: Node 1 400.000000 28.668878 28.668878 [23]
#17: (2,1) 0.000000 6.000834   
#17: (3,1) 400.000000 4.008587 SL
#17: Node 13 500.000000 17.617021 17.617021 [24]
#17: (12,13) 500.000000 3.022797 SL
#17: (24,13) 0.000000 17.617021   
#18: Printing bush information for bush 18
#18: 18 4800.000000 24.094445 -inf [1]
#18: Node 7 1200.000000 26.157632 -inf [2]
#18: (18,7) 1200.000000 2.063186
#18: Node 16 2000.000000 27.260280 -inf [3]
#18: (18,16) 2000.000000 3.165835
#18: Node 20 1600.000000 19.834215 -inf [4]
#18: (18,20) 1600.000000 4.259371
#18: Node 8 1000.000000 31.709792 -inf [5]
#18: (7,8) 1000.000000 5.552160 SL
#18: (16,8) 0.000000 10.778812   
#18: Node 17 600.000000 36.761739 -inf [6]
#18: (16,17) 600.000000 9.501458
#18: Node 22 400.000000 15.966085 -inf [7]
#18: (20,22) 400.000000 7.713130
#18: Node 6 499.806842 41.243292 -inf [8]
#18: (8,6) 499.806842 14.824160
#18: Node 9 200.193158 40.896378 -inf [9]
#18: (8,9) 200.193158 15.174708
#18: Node 19 600.000000 29.349464 -inf [10]
#18: (17,19) 0.000000 7.436627   
#18: (20,19) 600.000000 9.515249 SL
#18: Node 21 200.000000 11.752579 11.752579 [11]
#18: (20,21) 200.000000 8.165661 SL
#18: (22,21) 0.000000 4.201050   
#18: Node 23 100.000000 3.722947 3.722947 [12]
#18: (22,23) 100.000000 12.365805
#18: Node 2 100.000000 34.669694 34.669694 [13]
#18: (6,2) 100.000000 6.599518
#18: Node 5 300.000000 31.245067 -inf [14]
#18: (6,5) 299.806842 10.020703   
#18: (9,5) 0.193158 9.670155 SL
#18: Node 15 300.000000 25.023252 -inf [15]
#18: (19,15) 300.000000 4.335531 SL
#18: (22,15) 0.000000 9.057167   
#18: Node 24 100.000000 0.000000 0.000000 [16]
#18: (21,24) 100.000000 11.924060 SL
#18: (23,24) 0.000000 3.759304   
#18: Node 1 100.000000 28.668878 28.668878 [17]
#18: (2,1) 100.000000 6.000834
#18: Node 4 300.000000 28.929693 -inf [18]
#18: (5,4) 300.000000 2.317072
#18: Node 10 900.000000 38.834813 -inf [19]
#18: (9,10) 0.000000 5.682533   
#18: (15,10) 0.000000 13.811560   
#18: (16,10) 900.000000 20.236276 SL
#18: (17,10) 0.000000 16.308017   
#18: Node 14 100.000000 12.788913 12.788913 [20]
#18: (15,14) 100.000000 12.374605 SL
#18: (23,14) 0.000000 9.065967   
#18: Node 13 100.000000 17.617021 17.617021 [21]
#18: (24,13) 100.000000 17.617021
#18: Node 3 200.000000 24.660291 24.660291 [22]
#18: (1,3) 0.000000 4.008691   
#18: (4,3) 200.000000 4.271268 SL
#18: Node 11 200.000000 26.631558 -inf [23]
#18: (4,11) 0.000000 7.133300   
#18: (10,11) 200.000000 12.405689 SL
#18: (14,11) 0.000000 13.842645   
#18: Node 12 200.000000 20.640500 20.640500 [24]
#18: (3,12) 200.000000 4.020179 SL
#18: (11,12) 0.000000 13.590228   
#18: (13,12) 0.000000 3.023480   
#19: Printing bush information for bush 19
#19: 19 12800.000000 29.349464 -inf [1]
#19: Node 15 6759.753109 25.023252 -inf [2]
#19: (19,15) 6759.753109 4.335531
#19: Node 17 3000.000000 36.761739 -inf [3]
#19: (19,17) 3000.000000 7.412274
#19: Node 20 3040.246891 19.834215 -inf [4]
#19: (19,20) 3040.246891 9.459064
#19: Node 14 999.333311 12.788913 12.788913 [5]
#19: (15,14) 999.333311 12.374605
#19: Node 18 1700.000000 24.094445 -inf [6]
#19: (20,18) 1700.000000 4.260230
#19: Node 22 2159.753109 15.966085 -inf [7]
#19: (15,22) 2159.753109 9.088144 SL
#19: (20,22) 0.000000 7.713130   
#19: Node 7 1400.000000 26.157632 -inf [8]
#19: (18,7) 1400.000000 2.063186
#19: Node 16 1300.000000 27.260280 -inf [9]
#19: (17,16) 1300.000000 9.472854 SL
#19: (18,16) 0.000000 3.165835   
#19: Node 21 412.505012 11.752579 11.752579 [10]
#19: (20,21) 140.246891 8.165661 SL
#19: (22,21) 272.258121 4.201050   
#19: Node 23 687.494988 3.722947 3.722947 [11]
#19: (14,23) 0.000000 9.079344 S 
#19: (22,23) 687.494988 12.365805  L
#19: Node 8 1000.000000 31.709792 -inf [12]
#19: (7,8) 1000.000000 5.552160 SL
#19: (16,8) 0.000000 10.778812   
#19: Node 10 2800.666689 38.834813 -inf [13]
#19: (15,10) 2800.666689 13.811560 SL
#19: (16,10) 0.000000 20.236276   
#19: (17,10) 0.000000 16.308017   
#19: Node 24 400.000000 0.000000 0.000000 [14]
#19: (21,24) 12.505012 11.924060 SL
#19: (23,24) 387.494988 3.759304   
#19: Node 9 1000.623888 40.896378 -inf [15]
#19: (8,9) 0.000000 15.174708   
#19: (10,9) 1000.623888 5.717243 SL
#19: Node 11 699.376112 26.631558 -inf [16]
#19: (10,11) 0.042801 12.405689 SL
#19: (14,11) 699.333311 13.842645   
#19: Node 5 600.623888 31.245067 -inf [17]
#19: (9,5) 600.623888 9.670155
#19: Node 4 500.623888 28.929693 -inf [18]
#19: (5,4) 500.623888 2.317072 SL
#19: (11,4) 0.000000 7.223025   
#19: Node 6 300.000000 41.243292 -inf [19]
#19: (5,6) 0.000000 9.998225   
#19: (8,6) 300.000000 14.824160 SL
#19: Node 3 300.623888 24.660291 24.660291 [20]
#19: (4,3) 300.623888 4.271268
#19: Node 2 100.000000 34.669694 34.669694 [21]
#19: (6,2) 100.000000 6.599518
#19: Node 12 300.000000 20.640500 20.640500 [22]
#19: (3,12) 0.623888 4.020179  L
#19: (11,12) 299.376112 13.590228 S 
#19: Node 1 300.000000 28.668878 28.668878 [23]
#19: (2,1) 0.000000 6.000834   
#19: (3,1) 300.000000 4.008587 SL
#19: Node 13 300.000000 17.617021 17.617021 [24]
#19: (12,13) 0.000000 3.022797   
#19: (24,13) 300.000000 17.617021 SL
#20: Printing bush information for bush 20
#20: 20 18500.000000 19.834215 -inf [1]
#20: Node 18 7799.767810 24.094445 -inf [2]
#20: (20,18) 7799.767810 4.260230
#20: Node 19 4900.232190 29.349464 -inf [3]
#20: (20,19) 4900.232190 9.515249
#20: Node 22 3100.000000 15.966085 -inf [4]
#20: (20,22) 3100.000000 7.713130
#20: Node 7 3100.000000 26.157632 -inf [5]
#20: (18,7) 3100.000000 2.063186
#20: Node 16 4299.767810 27.260280 -inf [6]
#20: (18,16) 4299.767810 3.165835
#20: Node 15 3490.367333 25.023252 -inf [7]
#20: (19,15) 3490.367333 4.335531 SL
#20: (22,15) 0.000000 9.057167   
#20: Node 21 2700.000000 11.752579 11.752579 [8]
#20: (20,21) 2700.000000 8.165661 SL
#20: (22,21) 0.000000 4.201050   
#20: Node 23 700.000000 3.722947 3.722947 [9]
#20: (22,23) 700.000000 12.365805
#20: Node 8 2600.000000 31.709792 -inf [10]
#20: (7,8) 2600.000000 5.552160 SL
#20: (16,8) 0.000000 10.778812   
#20: Node 17 1700.000000 36.761739 -inf [11]
#20: (16,17) 1490.135143 9.501458 SL
#20: (19,17) 209.864857 7.412274   
#20: Node 14 1100.000000 12.788913 12.788913 [12]
#20: (15,14) 1100.000000 12.374605 SL
#20: (23,14) 0.000000 9.065967   
#20: Node 24 1500.000000 0.000000 0.000000 [13]
#20: (21,24) 1500.000000 11.924060 SL
#20: (23,24) 0.000000 3.759304   
#20: Node 6 1100.000000 41.243292 -inf [14]
#20: (8,6) 1100.000000 14.824160
#20: Node 9 600.000000 40.896378 -inf [15]
#20: (8,9) 600.000000 15.174708
#20: Node 13 1100.000000 17.617021 17.617021 [16]
#20: (24,13) 1100.000000 17.617021
#20: Node 2 400.000000 34.669694 34.669694 [17]
#20: (6,2) 400.000000 6.599518
#20: Node 5 400.000000 31.245067 -inf [18]
#20: (6,5) 400.000000 10.020703  L
#20: (9,5) 0.000000 9.670155 S 
#20: Node 10 2500.000000 38.834813 -inf [19]
#20: (9,10) 0.000000 5.682533   
#20: (15,10) 1290.367333 13.811560 S 
#20: (16,10) 1209.632667 20.236276  L
#20: (17,10) 0.000000 16.308017   
#20: Node 1 300.000000 28.668878 28.668878 [20]
#20: (2,1) 300.000000 6.000834
#20: Node 4 300.000000 28.929693 -inf [21]
#20: (5,4) 300.000000 2.317072
#20: Node 11 600.000000 26.631558 -inf [22]
#20: (4,11) 0.000000 7.133300   
#20: (10,11) 0.000000 12.405689 SL
#20: (14,11) 600.000000 13.842645   
#20: Node 12 500.000000 20.640500 20.640500 [23]
#20: (11,12) 0.000000 13.590228   
#20: (13,12) 500.000000 3.023480 SL
#20: Node 3 0.000000 24.660291 24.660291 [24]
#20: (1,3) 0.000000 4.008691   
#20: (4,3) 0.000000 4.271268 S 
#20: (12,3) 0.000000 4.019790   
#21: Printing bush information for bush 21
#21: 21 11000.000000 11.752579 11.752579 [1]
#21: Node 22 4632.818637 15.966085 -inf [2]
#21: (21,22) 4632.818637 4.213506
#21: Node 24 3200.000000 0.000000 0.000000 [3]
#21: (21,24) 3200.000000 11.924060
#21: Node 15 2832.818637 25.023252 -inf [4]
#21: (22,15) 2832.818637 9.057167
#21: Node 20 3167.181363 19.834215 -inf [5]
#21: (21,20) 3167.181363 8.081636 SL
#21: (22,20) 0.000000 7.713130   
#21: Node 13 1200.000000 17.617021 17.617021 [6]
#21: (24,13) 1200.000000 17.617021
#21: Node 23 1500.000000 3.722947 3.722947 [7]
#21: (22,23) 0.000000 12.365805   
#21: (24,23) 1500.000000 3.722947 SL
#21: Node 18 1967.180865 24.094445 -inf [8]
#21: (20,18) 1967.180865 4.260230
#21: Node 19 432.819135 29.349464 -inf [9]
#21: (15,19) 432.818637 4.326212   
#21: (20,19) 0.000499 9.515249 SL
#21: Node 12 600.000000 20.640500 20.640500 [10]
#21: (13,12) 600.000000 3.023480
#21: Node 14 800.000000 12.788913 12.788913 [11]
#21: (15,14) 0.000000 12.374605   
#21: (23,14) 800.000000 9.065967 SL
#21: Node 7 700.000000 26.157632 -inf [12]
#21: (18,7) 700.000000 2.063186
#21: Node 16 1167.180865 27.260280 -inf [13]
#21: (18,16) 1167.180865 3.165835
#21: Node 3 300.000000 24.660291 24.660291 [14]
#21: (12,3) 300.000000 4.019790
#21: Node 8 500.000000 31.709792 -inf [15]
#21: (7,8) 500.000000 5.552160 SL
#21: (16,8) 0.000000 10.778812   
#21: Node 17 600.000000 36.761739 -inf [16]
#21: (16,17) 567.180865 9.501458 SL
#21: (19,17) 32.819135 7.412274   
#21: Node 1 100.000000 28.668878 28.668878 [17]
#21: (3,1) 100.000000 4.008587
#21: Node 6 100.000000 41.243292 -inf [18]
#21: (8,6) 100.000000 14.824160
#21: Node 10 1600.000000 38.834813 -inf [19]
#21: (15,10) 1600.000000 13.811560 SL
#21: (16,10) 0.000000 20.236276   
#21: (17,10) 0.000000 16.308017   
#21: Node 2 0.000000 34.669694 34.669694 [20]
#21: (1,2) 0.000000 6.000816   
#21: (6,2) 0.000000 6.599518 S 
#21: Node 9 400.000000 40.896378 -inf [21]
#21: (8,9) 0.000000 15.174708   
#21: (10,9) 400.000000 5.717243 SL
#21: Node 11 400.000000 26.631558 -inf [22]
#21: (10,11) 0.000000 12.405689   
#21: (12,11) 0.000000 13.735156   
#21: (14,11) 400.000000 13.842645 SL
#21: Node 4 200.000000 28.929693 -inf [23]
#21: (3,4) 200.000000 4.269402 SL
#21: (11,4) 0.000000 7.223025   
#21: Node 5 100.000000 31.245067 -inf [24]
#21: (4,5) 0.000000 2.315374   
#21: (6,5) 0.000000 10.020703   
#21: (9,5) 100.000000 9.670155 SL
#22: Printing bush information for bush 22
#22: 22 24400.000000 15.966085 -inf [1]
#22: Node 15 11699.685278 25.023252 -inf [2]
#22: (22,15) 11699.685278 9.057167
#22: Node 21 4640.990163 11.752579 11.752579 [3]
#22: (22,21) 4640.990163 4.201050
#22: Node 23 2859.324559 3.722947 3.722947 [4]
#22: (22,23) 2859.324559 12.365805
#22: Node 20 5200.000000 19.834215 -inf [5]
#22: (21,20) 0.000000 8.081636   
#22: (22,20) 5200.000000 7.713130 SL
#22: Node 14 1206.813942 12.788913 12.788913 [6]
#22: (15,14) 1206.499220 12.374605  L
#22: (23,14) 0.314722 9.065967 S 
#22: Node 24 3600.000000 0.000000 0.000000 [7]
#22: (21,24) 2840.990163 11.924060 S 
#22: (23,24) 759.009837 3.759304  L
#22: Node 18 2800.000000 24.094445 -inf [8]
#22: (20,18) 2800.000000 4.260230
#22: Node 19 2900.000000 29.349464 -inf [9]
#22: (15,19) 2900.000000 4.326212 SL
#22: (20,19) 0.000000 9.515249   
#22: Node 13 2500.000000 17.617021 17.617021 [10]
#22: (24,13) 2500.000000 17.617021
#22: Node 7 1300.000000 26.157632 -inf [11]
#22: (18,7) 1300.000000 2.063186
#22: Node 16 1200.000000 27.260280 -inf [12]
#22: (18,16) 1200.000000 3.165835
#22: Node 8 800.000000 31.709792 -inf [13]
#22: (7,8) 800.000000 5.552160 SL
#22: (16,8) 0.000000 10.778812   
#22: Node 17 1700.000000 36.761739 -inf [14]
#22: (16,17) 0.000000 9.501458   
#22: (19,17) 1700.000000 7.412274 SL
#22: Node 6 300.000000 41.243292 -inf [15]
#22: (8,6) 300.000000 14.824160
#22: Node 10 4993.186058 38.834813 -inf [16]
#22: (15,10) 4993.186058 13.811560 SL
#22: (16,10) 0.000000 20.236276   
#22: (17,10) 0.000000 16.308017   
#22: Node 2 100.000000 34.669694 34.669694 [17]
#22: (6,2) 100.000000 6.599518
#22: Node 9 1300.000000 40.896378 -inf [18]
#22: (8,9) 0.000000 15.174708   
#22: (10,9) 1300.000000 5.717243 SL
#22: Node 11 1100.000000 26.631558 -inf [19]
#22: (10,11) 1093.186058 12.405689   
#22: (14,11) 6.813942 13.842645 SL
#22: Node 5 600.000000 31.245067 -inf [20]
#22: (6,5) 0.000000 10.020703   
#22: (9,5) 600.000000 9.670155 SL
#22: Node 12 1200.000000 20.640500 20.640500 [21]
#22: (11,12) 0.000000 13.590228   
#22: (13,12) 1200.000000 3.023480 SL
#22: Node 4 400.000000 28.929693 -inf [22]
#22: (5,4) 400.000000 2.317072 SL
#22: (11,4) 0.000000 7.223025   
#22: Node 3 500.000000 24.660291 24.660291 [23]
#22: (4,3) 0.000000 4.271268   
#22: (12,3) 500.000000 4.019790 SL
#22: Node 1 400.000000 28.668878 28.668878 [24]
#22: (2,1) 0.000000 6.000834   
#22: (3,1) 400.000000 4.008587 SL
#23: Printing bush information for bush 23
#23: 23 14500.000000 3.722947 3.722947 [1]
#23: Node 14 5336.504128 12.788913 12.788913 [2]
#23: (23,14) 5336.504128 9.065967
#23: Node 22 5863.495872 15.966085 -inf [3]
#23: (23,22) 5863.495872 12.243138
#23: Node 24 3300.000000 0.000000 0.000000 [4]
#23: (23,24) 3300.000000 3.759304
#23: Node 11 3875.333269 26.631558 -inf [5]
#23: (14,11) 3875.333269 13.842645
#23: Node 15 2324.666731 25.023252 -inf [6]
#23: (14,15) 361.170859 12.234339  L
#23: (22,15) 1963.495872 9.057167 S 
#23: Node 13 1900.000000 17.617021 17.617021 [7]
#23: (24,13) 1900.000000 17.617021
#23: Node 21 700.000000 11.752579 11.752579 [8]
#23: (22,21) 0.000000 4.201050   
#23: (24,21) 700.000000 11.752579 SL
#23: Node 12 1100.000000 20.640500 20.640500 [9]
#23: (11,12) 0.000000 13.590228   
#23: (13,12) 1100.000000 3.023480 SL
#23: Node 20 1800.000000 19.834215 -inf [10]
#23: (21,20) 0.000000 8.081636   
#23: (22,20) 1800.000000 7.713130 SL
#23: Node 3 400.000000 24.660291 24.660291 [11]
#23: (12,3) 400.000000 4.019790
#23: Node 18 1100.000000 24.094445 -inf [12]
#23: (20,18) 1100.000000 4.260230
#23: Node 19 900.000000 29.349464 -inf [13]
#23: (15,19) 900.000000 4.326212 SL
#23: (20,19) 0.000000 9.515249   
#23: Node 1 300.000000 28.668878 28.668878 [14]
#23: (3,1) 300.000000 4.008587
#23: Node 4 700.000000 28.929693 -inf [15]
#23: (3,4) 0.000000 4.269402   
#23: (11,4) 700.000000 7.223025 SL
#23: Node 7 500.000000 26.157632 -inf [16]
#23: (18,7) 500.000000 2.063186
#23: Node 16 500.000000 27.260280 -inf [17]
#23: (18,16) 500.000000 3.165835
#23: Node 2 0.000000 34.669694 34.669694 [18]
#23: (1,2) 0.000000 6.000816
#23: Node 5 200.000000 31.245067 -inf [19]
#23: (4,5) 200.000000 2.315374
#23: Node 8 300.000000 31.709792 -inf [20]
#23: (7,8) 300.000000 5.552160 SL
#23: (16,8) 0.000000 10.778812   
#23: Node 17 600.000000 36.761739 -inf [21]
#23: (16,17) 0.000000 9.501458   
#23: (19,17) 600.000000 7.412274 SL
#23: Node 6 100.000000 41.243292 -inf [22]
#23: (2,6) 0.000000 6.573598   
#23: (5,6) 100.000000 9.998225 SL
#23: (8,6) 0.000000 14.824160   
#23: Node 10 2300.000000 38.834813 -inf [23]
#23: (11,10) 1875.333269 12.203255  L
#23: (15,10) 424.666731 13.811560 S 
#23: (16,10) 0.000000 20.236276   
#23: (17,10) 0.000000 16.308017   
#23: Node 9 500.000000 40.896378 -inf [24]
#23: (5,9) 0.000000 9.651311   
#23: (8,9) 0.000000 15.174708   
#23: (10,9) 500.000000 5.717243 SL
#24: Printing bush information for bush 24
#24: 24 7700.000000 0.000000 0.000000 [1]
#24: Node 13 1800.000000 17.617021 17.617021 [2]
#24: (24,13) 1800.000000 17.617021
#24: Node 21 4199.636140 11.752579 11.752579 [3]
#24: (24,21) 4199.636140 11.752579
#24: Node 23 1700.363860 3.722947 3.722947 [4]
#24: (24,23) 1700.363860 3.722947
#24: Node 12 1100.000000 20.640500 20.640500 [5]
#24: (13,12) 1100.000000 3.023480
#24: Node 14 1000.363860 12.788913 12.788913 [6]
#24: (23,14) 1000.363860 9.065967
#24: Node 22 2698.193881 15.966085 -inf [7]
#24: (21,22) 2698.193881 4.213506 SL
#24: (23,22) 0.000000 12.243138   
#24: Node 3 600.000000 24.660291 24.660291 [8]
#24: (12,3) 600.000000 4.019790
#24: Node 11 600.363860 26.631558 -inf [9]
#24: (12,11) 0.000000 13.735156   
#24: (14,11) 600.363860 13.842645 SL
#24: Node 15 1598.193881 25.023252 -inf [10]
#24: (14,15) 0.000000 12.234339   
#24: (22,15) 1598.193881 9.057167 SL
#24: Node 20 1001.442259 19.834215 -inf [11]
#24: (21,20) 1001.442259 8.081636 SL
#24: (22,20) 0.000000 7.713130   
#24: Node 1 199.980545 28.668878 28.668878 [12]
#24: (3,1) 199.980545 4.008587
#24: Node 4 400.019455 28.929693 -inf [13]
#24: (3,4) 400.019455 4.269402 SL
#24: (11,4) 0.000000 7.223025   
#24: Node 18 600.827195 24.094445 -inf [14]
#24: (20,18) 600.827195 4.260230
#24: Node 19 399.172805 29.349464 -inf [15]
#24: (15,19) 398.557741 4.326212  L
#24: (20,19) 0.615065 9.515249 S 
#24: Node 2 99.980545 34.669694 34.669694 [16]
#24: (1,2) 99.980545 6.000816
#24: Node 5 200.019455 31.245067 -inf [17]
#24: (4,5) 200.019455 2.315374
#24: Node 7 300.000000 26.157632 -inf [18]
#24: (18,7) 300.000000 2.063186
#24: Node 16 300.827195 27.260280 -inf [19]
#24: (18,16) 300.827195 3.165835
#24: Node 8 200.000000 31.709792 -inf [20]
#24: (7,8) 200.000000 5.552160 SL
#24: (16,8) 0.000000 10.778812   
#24: Node 17 300.000000 36.761739 -inf [21]
#24: (16,17) 0.827195 9.501458 SL
#24: (19,17) 299.172805 7.412274   
#24: Node 6 100.000000 41.243292 -inf [22]
#24: (2,6) 99.980545 6.573598  L
#24: (5,6) 0.019455 9.998225 S 
#24: (8,6) 0.000000 14.824160   
#24: Node 10 800.000000 38.834813 -inf [23]
#24: (11,10) 0.363860 12.203255  L
#24: (15,10) 799.636140 13.811560 S 
#24: (16,10) 0.000000 20.236276   
#24: (17,10) 0.000000 16.308017   
#24: Node 9 200.000000 40.896378 -inf [24]
#24: (5,9) 200.000000 9.651311 SL
#24: (8,9) 0.000000 15.174708   
#24: (10,9) 0.000000 5.717243   
