(1,117) 7074.900000 1.152920
(2,87) 9662.500000 1.307773
(3,74) 7669.000000 1.176694
(4,233) 12173.800000 1.638023
(5,165) 2586.800000 1.091575
(6,213) 6576.600000 1.137096
(7,253) 7137.100000 1.155146
(8,411) 722.100000 1.000048
(9,379) 1187.032944 1.000350
(9,395) 1050.467056 1.000215
(10,338) 69.200000 1.000000
(10,362) 80.100000 1.000000
(11,309) 485.800000 1.000010
(12,275) 488.200000 1.000010
(13,262) 37.000000 1.000000
(14,257) 125.200000 1.000000
(15,254) 407.100000 1.000005
(16,263) 249.000000 1.000001
(17,276) 648.300000 1.000031
(18,322) 2185.800000 1.004027
(18,348) 683.000000 1.000038
(19,364) 746.900000 1.000055
(19,380) 291.100000 1.000001
(20,397) 503.600000 1.000011
(21,412) 1396.500000 1.000671
(21,413) 1245.300000 1.000424
(22,414) 619.800000 1.000026
(22,415) 904.600000 1.000118
(23,416) 1522.500000 1.000948
(24,266) 203.100000 0.149068
(24,267) 172.800000 0.149068
(25,268) 4694.900000 0.149499
(25,269) 3859.300000 0.149265
(26,273) 2660.000000 0.149113
(26,274) 315.000000 0.149068
(27,302) 314.200000 0.149068
(27,303) 233.500000 0.149068
(28,303) 1486.400000 0.149073
(28,304) 596.800000 0.149068
(29,308) 718.300000 0.149069
(29,337) 426.500000 0.149068
(30,340) 1804.700000 0.149078
(30,341) 1130.800000 0.149070
(31,329) 1563.500000 0.149074
(31,330) 2075.300000 0.149085
(32,332) 1395.200000 0.149072
(32,333) 662.700000 0.149068
(33,337) 803.100000 0.149069
(33,361) 980.100000 0.149069
(34,369) 3909.700000 0.149276
(34,385) 1412.500000 0.149072
(35,373) 1529.200000 0.149073
(35,389) 435.300000 0.149068
(36,378) 615.600000 0.149068
(36,394) 317.200000 0.149068
(37,401) 222.900000 0.149068
(37,402) 114.700000 0.149068
(38,406) 350.100000 0.149068
(38,407) 1161.700000 0.149070
(39,266) 18.300000 1.459848
(39,267) 24.200000 1.459848
(40,268) 34.100000 1.320076
(40,269) 13.300000 1.320076
(41,273) 342.500000 1.000002
(41,274) 55.300000 1.000000
(42,302) 387.805677 1.000004
(42,303) 252.200000 1.000001
(43,303) 5.600000 1.540152
(43,304) 12.100000 1.540152
(44,308) 229.200000 1.000000
(44,337) 32.200000 3.000000
(45,340) 0.000000 1.000000
(45,341) 0.000000 1.000000
(46,329) 320.000000 1.000002
(46,330) 736.300000 1.000052
(47,332) 143.100000 0.920076
(47,333) 0.000000 0.940152
(48,337) 107.200000 1.000000
(48,361) 17.400000 1.000000
(49,369) 81.800000 1.000000
(49,385) 95.500000 1.000000
(50,373) 288.600000 1.000001
(50,389) 275.000000 1.000001
(51,378) 20.800000 1.000000
(51,394) 0.000000 1.000000
(52,401) 2771.558749 1.010409
(52,402) 956.131266 1.000147
(53,406) 1892.687496 1.082369
(53,407) 923.300000 1.059984
(54,56) 1861.300000 0.333425
(54,230) 481.700000 0.333334
(55,59) 2691.353346 0.333733
(56,102) 4415.800000 0.336231
(57,54) 2343.000000 0.333563
(57,235) 1287.800000 0.333354
(58,137) 2256.731266 0.333531
(58,145) 3788.300000 0.334903
(59,146) 3371.253346 0.334318
(60,102) 985.400000 0.333341
(60,230) 2013.200000 0.333459
(61,136) 3020.302248 0.333967
(62,2) 13602.200000 1.943887
(63,62) 13602.200000 3.174023
(64,63) 6620.455187 0.603694
(64,189) 162.100000 0.333333
(65,64) 6782.555187 0.390258
(66,65) 6782.555187 0.256092
(67,66) 5550.255187 0.287054
(67,260) 0.000000 0.500000
(68,67) 5550.255187 1.848674
(69,68) 5445.155187 0.285991
(69,258) 735.500000 0.502091
(70,69) 6180.655187 1.521224
(71,70) 6023.855187 0.292651
(71,255) 2419.447184 0.744814
(72,71) 8443.302372 0.349947
(73,72) 2232.500000 0.469465
(73,141) 5436.500000 0.349586
(74,73) 7669.000000 1.300994
(75,3) 5676.600000 1.116346
(76,75) 5676.600000 1.153659
(77,76) 1761.800000 0.469067
(77,141) 3073.892075 0.334994
(78,77) 4835.692075 0.280935
(79,78) 4565.092075 0.279223
(79,256) 1227.200000 0.516204
(80,79) 5792.292075 1.495029
(81,80) 4571.292075 0.279259
(81,259) 56.600000 0.500000
(82,81) 4627.892075 1.800630
(83,82) 4627.892075 0.279594
(83,261) 942.100000 0.505628
(84,83) 5569.992075 0.241343
(85,84) 5569.992075 0.367781
(86,85) 4999.292075 0.564239
(86,189) 4663.207925 0.342131
(87,86) 9662.500000 1.621011
(88,1) 8328.000000 1.210379
(89,88) 8328.000000 1.383233
(90,89) 7777.300000 0.328285
(90,293) 726.500000 0.501990
(91,90) 8503.800000 0.295890
(92,91) 8503.800000 0.408484
(93,92) 4198.446952 0.355082
(93,183) 1837.200000 0.333545
(93,195) 684.244813 0.333337
(94,93) 6719.891764 0.777280
(95,94) 4821.744813 0.280839
(95,290) 0.000000 0.500000
(96,95) 4821.744813 1.280585
(97,96) 3992.444813 0.276481
(97,288) 1925.100000 0.598126
(98,97) 5917.544813 0.664191
(99,98) 5917.544813 0.291273
(99,283) -0.000000 0.500000
(100,99) 5917.544813 0.419477
(101,100) 5401.200000 0.285565
(101,278) 0.000000 0.500000
(102,101) 5401.200000 0.811047
(103,59) 679.900000 0.333335
(103,61) 3020.302248 0.333967
(103,237) 2831.800000 0.333823
(104,103) 6532.002248 0.852942
(105,104) 6532.002248 0.300316
(105,279) 287.800000 0.500049
(106,105) 6819.802248 0.440009
(107,106) 6284.517892 0.296350
(107,284) 0.000000 0.500000
(108,107) 6284.517892 0.675768
(109,108) 4138.707925 0.277079
(109,289) 811.800000 0.503103
(110,109) 4950.507925 1.284755
(111,110) 4950.507925 0.281754
(111,291) 187.800000 0.500009
(112,111) 5138.307925 0.725004
(113,112) 3492.600000 0.351928
(113,183) 1668.200000 0.333477
(113,195) 2688.200000 0.334305
(114,113) 7849.000000 0.383175
(115,114) 7849.000000 0.277558
(116,115) 6819.400000 0.305522
(116,294) 255.500000 0.500030
(117,116) 7074.900000 1.242952
(118,5) 4644.200000 1.102056
(119,118) 4644.200000 1.118773
(120,119) 3210.500000 0.274231
(120,400) 3562.031266 1.650170
(121,120) 6772.531266 0.609253
(122,121) 6772.531266 0.694641
(123,122) 6732.831266 0.303883
(123,382) -0.000000 0.500000
(124,123) 6732.831266 0.960223
(125,124) 6732.831266 0.303883
(125,366) 885.800000 0.504399
(126,125) 7618.631266 1.023410
(127,126) 6981.331266 0.308761
(127,350) 0.000000 0.500000
(128,127) 6981.331266 0.704068
(129,128) 6981.331266 0.358116
(130,129) 6155.431266 0.294459
(130,324) 1491.822297 0.535387
(131,130) 7647.253563 1.025858
(132,131) 7310.253563 0.366593
(132,314) 1008.277703 0.507384
(133,132) 8318.531266 0.594114
(134,133) 8318.531266 0.442314
(135,134) 7965.825590 0.333883
(135,298) 499.500000 0.500445
(136,135) 8465.325590 0.196371
(137,136) 5445.023342 0.663410
(138,60) 2998.600000 0.333949
(138,137) 3188.292075 0.131693
(138,236) 2512.000000 0.333637
(139,138) 8698.892075 1.438977
(140,139) 8436.692075 0.349705
(140,265) 73.700000 0.500000
(141,140) 8510.392075 1.212427
(142,72) 6210.802372 0.361017
(142,76) 3914.800000 0.337703
(143,142) 10125.602372 1.488100
(144,143) 10069.402372 0.429046
(144,264) 311.400000 0.500067
(145,144) 10380.802372 1.473885
(146,145) 6592.502372 0.132642
(147,57) 3630.800000 0.334658
(147,146) 3221.249026 0.767908
(148,147) 6852.049026 0.257218
(149,148) 6335.449026 0.297129
(149,297) 112.400000 0.500001
(150,149) 6447.849026 0.382702
(151,150) 6447.849026 0.251134
(152,151) 5208.949026 0.647189
(152,310) 222.200000 0.500017
(153,152) 5431.149026 0.731744
(154,153) 3628.949026 0.275254
(154,323) 334.700000 0.500090
(155,154) 3963.649026 0.320548
(156,155) 3963.649026 0.630208
(157,156) 3963.649026 0.276370
(157,349) 578.200000 0.500799
(158,157) 4541.849026 0.881881
(159,158) 3203.700000 0.274218
(159,365) 0.000000 0.500000
(160,159) 3203.700000 0.866486
(161,160) 3203.700000 0.274218
(161,381) 191.500000 0.500010
(162,161) 3395.200000 0.626255
(163,162) 3395.200000 0.549273
(164,163) 1832.100000 0.272786
(164,399) 754.700000 0.502318
(165,164) 2586.800000 1.093184
(166,6) 6522.200000 1.135572
(167,166) 6522.200000 1.200599
(168,167) 5835.900000 0.290265
(168,409) 2133.587496 0.648052
(169,168) 7969.487496 0.948597
(170,169) 4449.187496 0.356663
(171,170) 3488.387496 0.066010
(171,216) 1695.400000 0.333487
(172,171) 5183.787496 0.294989
(172,393) 373.412504 0.500139
(173,172) 5557.200000 0.528357
(174,173) 5557.200000 0.241230
(175,174) 5557.200000 0.287127
(175,377) 870.000000 0.504093
(176,175) 6427.200000 0.895741
(177,176) 5863.600000 0.290602
(177,360) 0.000000 0.500000
(178,177) 5863.600000 0.871806
(179,178) 5418.600000 0.285732
(179,336) 852.100000 0.503766
(180,179) 6270.700000 2.072994
(181,180) 6000.300000 0.292339
(181,307) 756.700000 0.502342
(182,181) 6757.000000 0.170381
(183,182) 6757.000000 0.438287
(184,92) 1559.153048 0.333443
(184,112) 1632.107925 0.333465
(184,183) 3251.600000 0.395056
(185,184) 6442.860973 0.812738
(186,185) 6442.860973 0.430367
(187,186) 4630.907925 0.279613
(187,272) 194.400000 0.500010
(188,187) 4825.307925 0.921318
(189,188) 4825.307925 0.797696
(190,63) 6981.744813 0.377541
(190,85) 570.700000 0.333335
(191,190) 7552.444813 0.914872
(192,191) 7552.444813 1.056654
(193,192) 6804.144813 0.305229
(193,271) 2664.200000 0.859947
(194,193) 9468.344813 0.568729
(195,194) 9468.344813 1.074033
(196,92) 2746.200000 0.334392
(196,112) 13.600000 0.333333
(196,195) 6095.900000 0.422866
(197,196) 8855.700000 0.527382
(198,197) 8855.700000 0.205016
(199,198) 8481.500000 0.351356
(199,306) 244.600000 0.500026
(200,199) 8726.100000 2.525877
(201,200) 7816.600000 0.329419
(201,335) 836.600000 0.503500
(202,201) 8653.200000 1.073784
(203,202) 8653.200000 0.357928
(203,359) 452.700000 0.500300
(204,203) 9105.900000 1.131695
(205,204) 7432.000000 0.319038
(205,376) 0.000000 0.500000
(206,205) 7432.000000 0.268040
(207,206) 7432.000000 0.587078
(208,207) 6805.000000 0.317501
(209,208) 3955.000000 0.066363
(209,392) 647.642523 0.501257
(210,209) 4602.642523 0.357772
(210,250) 3293.400000 0.335522
(211,210) 7896.042523 0.942259
(212,211) 5499.542523 0.286534
(212,408) 1077.057477 0.509615
(213,212) 6576.600000 1.204320
(214,7) 4983.600000 1.105837
(215,214) 4983.600000 1.105837
(216,215) 3779.700000 0.394438
(217,169) 3520.300000 0.336191
(217,216) 2084.300000 0.589060
(218,217) 5604.600000 0.289957
(218,392) 469.800000 0.500348
(219,218) 6074.400000 0.798367
(220,219) 5393.500000 0.511357
(220,363) 0.000000 0.500000
(221,220) 5393.500000 1.189448
(222,221) 5393.500000 0.322309
(223,222) 5210.200000 0.432402
(223,346) 617.900000 0.501041
(224,223) 5828.100000 0.996065
(225,224) 4465.400000 0.627295
(225,330) 1387.400000 0.526471
(226,225) 5852.800000 0.962995
(227,226) 5766.100000 0.402529
(227,311) 144.668734 0.500003
(228,227) 5910.768734 1.120889
(229,228) 5840.868734 0.481289
(229,277) 228.300000 0.500019
(230,229) 6069.168734 0.123714
(231,56) 2554.500000 0.333658
(231,230) 3574.268734 0.295605
(232,58) 6045.031266 0.343510
(232,231) 6128.768734 0.326391
(233,232) 12173.800000 1.638023
(234,4) 10223.900000 1.362852
(235,234) 10223.900000 1.362852
(236,235) 8936.100000 0.137485
(237,236) 6424.100000 0.260485
(238,55) 2691.353346 0.333733
(238,61) 0.000000 0.333333
(238,237) 3592.300000 0.229910
(239,238) 6283.653346 0.237201
(240,239) 5567.400000 0.479112
(240,299) 469.100000 0.500346
(241,240) 6036.500000 0.966306
(242,241) 5357.500000 0.633353
(242,317) 411.200000 0.500204
(243,242) 5768.700000 0.961580
(244,243) 5402.400000 0.400252
(244,339) 1872.700000 0.587871
(245,244) 7275.100000 1.113928
(246,245) 6033.200000 0.640474
(246,347) 0.000000 0.500000
(247,246) 6033.200000 1.202219
(248,247) 5541.667056 0.401072
(248,374) 464.300000 0.500332
(249,248) 6005.967056 0.920861
(250,249) 5689.500000 0.368387
(251,250) 2396.100000 0.054564
(251,391) 1891.000000 0.591356
(252,208) 2850.000000 0.334561
(252,251) 4287.100000 0.527379
(253,252) 7137.100000 1.155146
(254,15) 3703.300000 1.033180
(254,255) 407.100000 2.000010
(255,70) 156.800000 0.500004
(255,254) 3703.300000 2.066359
(255,256) 250.300000 0.500000
(256,78) 270.600000 0.500038
(256,255) 1283.852816 0.500240
(256,266) 9.500000 1.920076
(257,14) 37.000000 1.000000
(257,258) 125.200000 2.000000
(258,68) 105.100000 0.500001
(258,257) 37.000000 2.000000
(258,259) 793.900000 0.500035
(259,80) 1221.000000 0.515879
(259,258) 75.300000 0.500000
(259,267) 799.300000 1.920214
(260,66) 1232.300000 0.516475
(260,261) 0.000000 0.500000
(261,82) 0.000000 0.500000
(261,260) 1232.300000 0.500203
(261,269) 942.100000 1.860107
(262,13) 592.800000 1.000022
(262,273) 37.000000 2.000000
(263,16) 241.500000 1.000001
(263,264) 249.000000 2.000001
(264,143) 56.200000 0.500000
(264,263) 241.500000 2.000001
(264,265) 322.900000 0.500001
(265,139) 262.200000 0.500034
(265,264) 60.200000 0.500000
(265,266) 188.100000 1.000000
(266,24) 340.300000 0.149068
(266,39) 24.200000 1.459848
(266,256) 86.452816 1.920076
(266,265) 113.900000 1.000000
(266,277) 76.700000 3.579924
(267,24) 306.800000 0.149068
(267,39) 18.300000 1.459848
(267,259) 1245.100000 1.920890
(267,268) 1412.200000 1.000702
(267,281) 921.384356 1.640360
(268,25) 4077.300000 0.149314
(268,40) 13.300000 1.320076
(268,267) 2330.884356 1.005207
(268,287) 2534.715644 1.732601
(269,25) 4303.400000 0.149373
(269,40) 34.100000 1.320076
(269,261) 1232.300000 1.860605
(269,270) 550.553048 1.000016
(269,290) 2089.746952 2.508411
(270,269) 3178.100000 1.017996
(270,271) 550.553048 0.579934
(271,192) 748.300000 0.502240
(271,270) 3178.100000 0.590361
(271,272) 550.553048 0.500008
(272,186) 1811.953048 0.577012
(272,271) 1262.200000 0.500224
(272,273) 454.000000 2.279941
(273,26) 302.300000 0.149068
(273,41) 55.300000 1.000000
(273,262) 592.800000 2.000044
(273,272) 2783.200000 0.282887
(273,292) 56.400000 2.000000
(274,26) 378.800000 0.149068
(274,41) 342.500000 1.000002
(274,275) 501.600000 2.000022
(274,293) 615.000000 1.420112
(275,12) 501.600000 1.000011
(275,274) 488.200000 2.000020
(276,17) 1184.000000 1.000347
(276,296) 648.300000 2.000062
(277,228) 69.900000 0.500000
(277,266) 222.552816 3.579926
(277,299) 235.100000 0.720076
(278,100) 516.344813 0.500508
(278,279) 0.000000 0.500000
(279,104) 0.000000 0.500000
(279,278) 516.344813 0.500006
(279,280) 287.800000 0.420076
(280,279) 516.344813 0.420081
(280,300) 287.800000 0.420076
(281,267) 576.600000 1.640183
(281,282) 921.384356 0.579998
(282,281) 576.600000 0.579936
(282,283) 921.384356 0.359894
(283,98) 0.000000 0.500000
(283,282) 576.600000 0.359856
(283,284) 921.384356 0.500064
(284,106) 535.284356 0.500587
(284,283) 576.600000 0.500010
(284,285) 386.100000 0.279925
(285,284) 576.600000 0.279930
(285,286) 386.100000 0.579927
(286,285) 576.600000 0.579936
(286,302) 386.100000 0.420077
(287,268) 2815.000000 1.739129
(287,288) 2534.715644 0.725319
(288,96) 829.300000 0.503379
(288,287) 2815.000000 0.728052
(288,289) 2687.015644 0.504598
(289,108) 2145.809967 0.651473
(289,288) 1871.500000 0.501082
(289,303) 1698.500000 1.221867
(290,94) 1898.146952 0.592745
(290,269) 217.300000 2.500001
(290,291) 191.600000 0.500000
(291,110) 0.000000 0.500000
(291,290) 217.300000 0.500000
(291,304) 379.400000 1.279929
(292,273) 296.500000 2.000003
(292,305) 56.400000 1.859848
(293,89) 550.700000 0.500657
(293,274) 979.400000 1.420306
(293,294) 335.200000 0.500001
(294,115) 1029.600000 0.508029
(294,293) 523.800000 0.500007
(294,295) 310.700000 0.279925
(295,294) 1273.400000 0.280054
(295,308) 310.700000 0.720077
(296,276) 1184.000000 2.000693
(296,297) 610.400000 0.420086
(296,310) 37.900000 1.579924
(297,148) 516.600000 0.500509
(297,296) 894.000000 0.420123
(297,298) 206.200000 0.500000
(298,134) 352.705677 0.500111
(298,297) 894.000000 0.500056
(298,299) 124.400000 1.140152
(299,239) 716.253346 0.501880
(299,277) 222.552816 0.720076
(299,298) 665.405677 1.140191
(299,300) 185.200000 1.000000
(299,315) 222.442253 1.920077
(300,280) 516.344813 0.420081
(300,299) 455.447929 1.000008
(300,301) 185.200000 0.500000
(300,316) 239.657747 1.920077
(301,300) 407.305677 0.500002
(301,302) 185.200000 0.500000
(302,27) 207.300000 0.149068
(302,42) 252.200000 1.000001
(302,286) 576.600000 0.420084
(302,301) 407.305677 0.500002
(302,311) 668.300000 1.140192
(303,27) 144.400000 0.149068
(303,28) 840.800000 0.149069
(303,42) 387.805677 1.000004
(303,43) 12.100000 1.540152
(303,289) 2216.994323 1.225275
(303,319) 1669.200000 2.143082
(304,28) 438.400000 0.149068
(304,43) 5.600000 1.540152
(304,291) 217.300000 1.279925
(304,305) 737.700000 0.920124
(304,312) 251.000000 0.279924
(305,292) 296.500000 1.859851
(305,304) 248.700000 0.920076
(305,306) 558.500000 0.720088
(305,321) 0.000000 3.279924
(306,198) 374.200000 0.500140
(306,305) 296.700000 0.720077
(306,307) 194.300000 0.500000
(307,180) 270.400000 0.500038
(307,306) 62.100000 0.500000
(307,308) 856.100000 0.500047
(308,29) 1019.900000 0.149069
(308,44) 32.200000 1.000000
(308,295) 1273.400000 0.720410
(308,307) 237.600000 0.500000
(308,309) 37.000000 2.000000
(309,11) 37.000000 1.000000
(309,308) 485.800000 2.000020
(310,151) 1238.900000 0.516831
(310,296) 290.000000 1.579926
(310,313) 37.900000 0.279924
(311,226) 86.700000 0.500000
(311,302) 838.400000 1.140251
(311,317) 726.268734 0.720111
(312,304) 413.000000 0.279926
(312,320) 251.000000 2.720078
(313,310) 1306.700000 0.280068
(313,314) 0.000000 0.779924
(313,325) 1046.177703 1.720439
(314,131) 337.000000 0.500092
(314,313) 1008.277703 0.279975
(314,315) 0.000000 1.640152
(315,299) 727.806161 1.920171
(315,314) 337.000000 1.720080
(315,316) 0.000000 2.579924
(315,327) 336.505701 1.079927
(316,300) 516.344813 1.920100
(316,315) 451.063448 1.000007
(316,317) 471.600000 0.859856
(316,328) 398.294299 1.079929
(317,241) 679.000000 0.501519
(317,311) 838.400000 0.720139
(317,316) 609.700000 1.000024
(317,318) 0.000000 1.140152
(317,329) 453.568734 1.079932
(318,317) 0.000000 1.140152
(318,319) 0.000000 1.000000
(319,303) 1595.100000 2.142596
(319,318) 0.000000 0.859848
(319,320) 890.200000 1.000111
(319,330) 1635.200000 0.860933
(320,312) 413.000000 2.720090
(320,319) 10.200000 2.579924
(320,321) 722.400000 1.720158
(320,332) 273.400000 0.720076
(321,305) 12.900000 3.279924
(321,320) 10.200000 1.640152
(321,333) 0.000000 0.720076
(321,334) 722.400000 0.279938
(322,18) 1626.700000 1.001235
(322,323) 2185.800000 2.008054
(323,153) 1802.200000 0.575367
(323,322) 1626.700000 2.002470
(323,324) 718.300000 0.500023
(324,129) 825.900000 0.503324
(324,323) 1626.700000 0.500618
(324,325) 776.222297 0.579961
(325,313) 1306.700000 1.720960
(325,324) 1018.700000 0.580034
(325,326) 437.500000 0.859854
(325,340) 1379.100000 0.360078
(326,325) 774.400000 0.859903
(326,327) 437.500000 1.579934
(327,315) 727.806161 1.079978
(327,326) 774.400000 1.580024
(327,328) 786.585885 1.000068
(327,341) 381.898167 1.000004
(328,316) 987.944813 1.080106
(328,327) 819.792466 1.000080
(328,329) 923.110105 1.000128
(328,342) 447.517782 1.000007
(329,31) 1191.100000 0.149070
(329,46) 736.300000 1.000052
(329,317) 971.600000 1.080094
(329,328) 869.015949 1.000101
(329,343) 723.152784 1.000048
(330,31) 3156.500000 0.149156
(330,46) 320.000000 1.000002
(330,224) 1362.700000 0.524636
(330,319) 2441.100000 0.865235
(330,331) 392.500000 0.420078
(330,339) 628.300000 0.640169
(331,330) 962.600000 0.420139
(331,332) 392.500000 1.920084
(332,32) 803.600000 0.149069
(332,47) 0.000000 0.920076
(332,320) 267.600000 0.720076
(332,331) 962.600000 1.920367
(332,345) 350.900000 0.720078
(333,32) 591.400000 0.149068
(333,47) 143.100000 0.940152
(333,321) 12.900000 0.720076
(333,334) 649.800000 0.420089
(333,358) 0.000000 2.079924
(334,321) 10.200000 0.779924
(334,333) 734.500000 0.420097
(334,335) 1372.200000 0.280099
(335,200) 909.500000 0.504889
(335,334) 744.700000 0.279939
(335,336) 1516.100000 0.500466
(336,178) 445.000000 0.500280
(336,335) 961.500000 0.500075
(336,337) 1981.500000 0.501360
(337,29) 842.000000 0.149069
(337,33) 577.300000 0.149068
(337,44) 229.200000 3.000001
(337,48) 17.400000 1.000000
(337,336) 1019.800000 0.500095
(337,338) 734.000000 2.000102
(338,10) 734.000000 1.000051
(338,337) 69.200000 2.000000
(339,243) 366.300000 0.500129
(339,330) 1504.300000 0.640730
(339,344) 875.100000 0.420119
(340,30) 1379.000000 0.149072
(340,45) 0.000000 1.000000
(340,325) 1545.200000 0.360210
(340,351) 270.600000 1.720077
(341,30) 1298.000000 0.149071
(341,45) 0.000000 1.000000
(341,327) 1076.892046 1.000237
(341,342) 599.214115 1.000023
(341,353) 413.305701 2.000010
(342,328) 1124.469033 1.000282
(342,341) 811.107534 1.000076
(342,343) 411.489895 1.000005
(342,354) 398.294299 2.000009
(343,329) 1230.989895 1.000405
(343,342) 761.884051 1.000059
(343,344) 74.300000 2.000000
(343,355) 613.368734 2.000050
(344,339) 244.700000 0.420076
(344,343) 652.100000 2.000064
(344,356) 336.300000 2.000005
(345,332) 180.500000 0.720076
(345,346) 350.900000 0.640153
(346,222) 183.300000 0.500008
(346,345) 180.500000 0.640152
(346,347) 785.500000 1.079997
(347,245) 1241.900000 0.516995
(347,346) 180.500000 1.079924
(347,357) 785.500000 0.279943
(348,18) 523.500000 1.000013
(348,349) 683.000000 2.000077
(349,156) 0.000000 0.500000
(349,348) 523.500000 2.000026
(349,350) 765.800000 0.500030
(350,126) 637.300000 0.501179
(350,349) 28.100000 0.500000
(350,351) 188.000000 0.859849
(351,340) 11.000000 1.720076
(351,350) 87.600000 0.859848
(351,352) 116.600000 0.720076
(351,367) 342.000000 2.000005
(352,351) 87.600000 0.720076
(352,353) 116.600000 1.420076
(353,341) 1063.606161 2.000452
(353,352) 87.600000 1.420076
(353,354) 587.324113 1.000021
(353,369) 688.139237 2.000079
(354,342) 936.744813 2.000272
(354,353) 362.433536 1.000003
(354,355) 513.211808 1.000012
(354,370) 263.960763 2.000002
(355,343) 893.800000 2.000225
(355,354) 228.100000 1.000000
(355,356) 312.232482 2.000003
(355,371) 574.968734 2.000039
(356,344) 283.700000 2.000002
(356,355) 189.700000 2.000000
(356,357) 347.114655 2.000005
(356,372) 362.085345 2.000006
(357,347) 1422.400000 0.280126
(357,356) 189.700000 2.000000
(357,358) 287.300000 2.000002
(357,373) 691.414655 2.000081
(358,333) 0.000000 2.079924
(358,357) 408.700000 2.000010
(358,359) 287.300000 0.720077
(358,363) 0.000000 1.720076
(359,202) 0.000000 0.500000
(359,358) 408.700000 0.720079
(359,360) 740.000000 0.500026
(360,176) 563.600000 0.500721
(360,359) 408.700000 0.500002
(360,361) 740.000000 0.500026
(361,33) 458.900000 0.149068
(361,48) 107.200000 1.000000
(361,360) 972.300000 0.500079
(361,362) 425.400000 2.000012
(361,378) 71.700000 2.000000
(362,10) 425.400000 1.000006
(362,361) 80.100000 2.000000
(363,358) 0.000000 1.720076
(363,375) 0.000000 0.279924
(364,19) 1110.700000 1.000268
(364,365) 746.900000 2.000110
(365,158) 1338.149026 0.522908
(365,364) 1110.700000 2.000537
(365,366) 85.200000 0.500000
(366,124) 0.000000 0.500000
(366,365) 1787.149026 0.500900
(366,367) 200.300000 0.859849
(367,351) 11.000000 2.000000
(367,366) 1016.449026 0.860010
(367,368) 282.800000 0.720077
(367,384) 259.500000 2.279926
(368,367) 1016.449026 0.720211
(368,369) 282.800000 1.420077
(369,34) 1355.400000 0.149071
(369,49) 95.500000 1.000000
(369,353) 1534.330274 2.001955
(369,368) 1016.449026 1.420343
(369,370) 1782.520700 1.001781
(370,354) 862.632508 2.000195
(370,369) 821.760763 1.000080
(370,371) 919.888192 1.000126
(370,386) 0.000000 2.000000
(371,355) 692.820674 2.000081
(371,370) 557.800000 1.000017
(371,372) 689.367518 2.000080
(371,387) 574.968734 2.000039
(372,356) 344.367518 2.000005
(372,371) 557.800000 2.000034
(372,373) 689.385345 2.000080
(372,388) 301.400000 2.000003
(373,35) 851.800000 0.149069
(373,50) 275.000000 1.000001
(373,357) 1049.500000 2.000428
(373,372) 557.800000 2.000034
(373,374) 1288.300000 1.420766
(374,247) 491.532944 0.500417
(374,373) 823.800000 1.420191
(374,375) 1288.300000 0.580206
(375,219) 680.900000 0.501536
(375,363) 0.000000 0.279924
(375,374) 851.032944 0.579978
(375,376) 607.400000 0.720093
(375,390) 0.000000 2.000000
(376,204) 1673.900000 0.556090
(376,375) 851.032944 0.720142
(376,377) 0.000000 0.500000
(377,174) 0.000000 0.500000
(377,376) 1917.532944 0.501192
(377,378) 545.100000 0.500008
(378,36) 400.000000 0.149068
(378,51) 0.000000 1.000000
(378,361) 217.900000 2.000001
(378,377) 1592.632944 0.500567
(378,379) 229.700000 2.000001
(379,9) 229.700000 1.000000
(379,378) 1187.032944 2.000700
(380,19) 191.500000 1.000000
(380,381) 291.100000 2.000003
(381,160) 0.000000 0.500000
(381,380) 191.500000 2.000000
(381,382) 291.100000 0.500001
(382,122) 39.700000 0.500000
(382,381) -0.000000 0.500000
(382,383) 251.400000 0.579925
(383,382) -0.000000 0.579924
(383,384) 251.400000 0.420076
(384,367) 11.000000 2.279924
(384,383) -0.000000 0.420076
(384,385) 270.500000 2.000002
(384,401) 2490.941251 2.013583
(385,34) 314.500000 0.149068
(385,49) 81.800000 1.000000
(385,384) 2128.241251 2.007238
(385,386) 689.520198 1.000040
(385,402) 307.458308 2.000003
(386,370) 0.000000 2.000000
(386,385) 1548.799560 1.001015
(386,387) 713.000000 1.000046
(386,403) 40.000440 2.000000
(387,371) 462.300000 2.000016
(387,386) 1588.800000 1.001124
(387,388) 1045.572598 2.000422
(387,404) 955.406181 2.000294
(388,372) 283.700000 2.000002
(388,387) 1969.237448 2.005306
(388,389) 926.070745 2.000259
(388,405) 457.529255 2.000015
(389,35) 274.000000 0.149068
(389,50) 288.600000 1.000001
(389,388) 1878.637448 2.004395
(389,390) 965.200000 2.000306
(389,406) 811.845801 2.000153
(390,375) 0.000000 2.000000
(390,389) 1864.212504 2.004261
(390,391) 965.200000 0.720186
(390,407) 182.700000 2.579925
(391,249) 316.467056 0.500072
(391,390) 2046.912504 0.722306
(391,392) 1731.500000 0.420742
(392,207) 627.000000 0.501104
(392,391) 1238.679560 0.420250
(392,393) 2221.942523 0.421882
(393,170) 960.800000 0.506088
(393,392) 1238.679560 0.420250
(393,394) 1574.542523 0.140303
(394,36) 564.700000 0.149068
(394,51) 20.800000 1.000000
(394,393) 1178.667056 0.140199
(394,395) 603.100000 2.000047
(394,396) 610.842523 0.579938
(395,9) 603.100000 1.000023
(395,394) 1050.467056 2.000430
(396,215) 1203.900000 0.515008
(396,394) 35.900000 0.579924
(396,410) 2.000000 2.000000
(397,20) 6087.100000 1.242191
(397,398) 503.600000 2.000023
(398,397) 6087.100000 2.484382
(398,399) 503.600000 0.579931
(399,163) 1563.100000 0.542650
(399,398) 6087.100000 0.720377
(399,400) 737.300000 0.500026
(400,119) 1433.700000 0.530186
(400,399) 7129.200000 0.727850
(400,401) 1205.231266 0.140204
(401,37) 132.400000 0.149068
(401,52) 956.131266 1.000147
(401,384) 133.300000 2.000000
(401,400) 5468.800000 0.162266
(402,37) 96.400000 0.149068
(402,52) 2771.558749 1.010409
(402,385) 194.220198 2.000001
(402,403) 691.679802 1.000040
(402,412) 570.931266 2.000037
(403,386) 23.479802 2.000000
(403,402) 1550.000440 1.001018
(403,404) 668.200000 1.000035
(404,387) 794.872598 2.000141
(404,403) 1510.000000 1.000917
(404,405) 1118.627402 2.000552
(404,413) 1488.968734 2.001734
(405,388) 410.927402 2.000010
(405,404) 2043.562552 2.006153
(405,406) 1030.129255 2.000397
(405,414) 509.400000 2.000024
(406,38) 616.100000 0.149068
(406,53) 923.300000 1.080063
(406,389) 717.700000 2.000094
(406,405) 1798.062552 2.003688
(406,415) 934.200000 2.000269
(407,38) 1693.600000 0.149076
(407,53) 1892.687496 1.062248
(407,390) 0.000000 2.579924
(407,408) 3154.200000 1.098781
(407,416) 387.900000 2.000008
(408,211) 2396.500000 0.735657
(408,407) 3338.187496 1.103581
(408,409) 1219.757477 0.500195
(409,167) 686.300000 0.501585
(409,408) 2723.187496 0.504851
(409,410) 594.257477 0.220081
(410,396) 630.957477 2.000056
(410,409) 650.400000 0.220083
(410,411) 37.000000 2.000000
(411,8) 37.000000 1.000000
(411,410) 722.100000 2.000096
(412,21) 570.931266 1.000019
(412,402) 1396.500000 2.001342
(413,21) 1488.968734 1.000867
(413,404) 1245.300000 2.000848
(414,22) 509.400000 1.000012
(414,405) 619.800000 2.000052
(415,22) 934.200000 1.000134
(415,406) 904.600000 2.000236
(416,23) 387.900000 1.000004
(416,407) 1522.500000 2.001896
(416,58) 0.000000 99999.000000
(62,416) 0.000000 99999.000000
(63,416) 0.000000 99999.000000
(416,73) 0.000000 99999.000000
(416,74) 0.000000 99999.000000
(75,416) 0.000000 99999.000000
(76,416) 0.000000 99999.000000
(416,86) 0.000000 99999.000000
(416,87) 0.000000 99999.000000
(88,416) 0.000000 99999.000000
(89,416) 0.000000 99999.000000
(416,116) 0.000000 99999.000000
(416,117) 0.000000 99999.000000
(118,416) 0.000000 99999.000000
(119,416) 0.000000 99999.000000
(416,164) 0.000000 99999.000000
(416,165) 0.000000 99999.000000
(166,416) 0.000000 99999.000000
(167,416) 0.000000 99999.000000
(416,212) 0.000000 99999.000000
(416,213) 0.000000 99999.000000
(214,416) 0.000000 99999.000000
(215,416) 0.000000 99999.000000
(216,416) 0.000000 99999.000000
(416,231) 0.000000 99999.000000
(416,232) 0.000000 99999.000000
(416,233) 0.000000 99999.000000
(234,416) 0.000000 99999.000000
(235,416) 0.000000 99999.000000
(236,416) 0.000000 99999.000000
(237,416) 0.000000 99999.000000
(416,251) 0.000000 99999.000000
(416,252) 0.000000 99999.000000
(416,253) 0.000000 99999.000000
