[1,2] : 100.000000
[1,3] : 100.000000
[1,3,4] : 500.000000
[1,3,4,5] : 200.000000
[1,2,6] : 300.000000
[1,2,6,8,7] : 500.000000
[1,2,6,8] : 800.000000
[1,3,4,5,9] : 500.000000
[1,3,4,5,9,10] : 1300.000000
[1,3,4,11] : 500.000000
[1,3,12] : 200.000000
[1,3,12,13] : 500.000000
[1,3,4,11,14] : 300.000000
[1,3,4,5,9,10,15] : 500.000000
[1,2,6,8,16] : 500.000000
[1,3,4,5,9,10,17] : 400.000000
[1,2,6,8,7,18] : 100.000000
[1,3,4,5,9,10,15,19] : 300.000000
[1,2,6,8,7,18,20] : 300.000000
[1,3,12,13,24,21] : 100.000000
[1,3,12,13,24,21,22] : 297.633883
[1,3,12,13,24,23,22] : 102.366117
[1,3,12,13,24,23] : 300.000000
[1,3,12,13,24] : 100.000000
[2,1] : 100.000000
[2,1,3] : 100.000000
[2,1,3,4] : 200.000000
[2,1,3,4,5] : 12.714370
[2,6,5] : 87.285630
[2,6] : 400.000000
[2,6,8,7] : 200.000000
[2,6,8] : 400.000000
[2,1,3,4,5,9] : 25.428740
[2,6,5,9] : 174.571260
[2,1,3,4,5,9,10] : 76.286220
[2,6,5,9,10] : 523.713780
[2,1,3,4,11] : 200.000000
[2,1,3,12] : 100.000000
[2,1,3,12,13] : 300.000000
[2,1,3,4,11,14] : 100.000000
[2,1,3,4,5,9,10,15] : 12.714370
[2,6,5,9,10,15] : 87.285630
[2,6,8,16] : 400.000000
[2,6,8,16,17] : 200.000000
[2,6,8,7,18,20,19] : 100.000000
[2,6,8,7,18,20] : 100.000000
[2,6,8,7,18,20,22] : 100.000000
[3,1] : 100.000000
[3,1,2] : 100.000000
[3,4] : 200.000000
[3,4,5] : 100.000000
[3,1,2,6] : 167.160109
[3,4,5,6] : 132.839891
[3,1,2,6,8,7] : 55.181757
[3,4,5,6,8,7] : 43.852200
[3,4,5,9,8,7] : 0.966044
[3,1,2,6,8] : 110.363513
[3,4,5,6,8] : 87.704400
[3,4,5,9,8] : 1.932087
[3,4,5,9] : 100.000000
[3,4,5,9,10] : 300.000000
[3,4,11] : 300.000000
[3,12] : 200.000000
[3,12,13] : 100.000000
[3,4,11,14] : 100.000000
[3,4,5,9,10,15] : 100.000000
[3,1,2,6,8,16] : 109.697636
[3,4,5,6,8,16] : 87.175236
[3,4,5,9,8,16] : 1.920430
[3,4,5,9,10,16] : 1.206699
[3,4,5,9,10,17] : 100.000000
[3,12,13,24,21,22] : 100.000000
[3,12,13,24,23] : 100.000000
[4,3,1] : 500.000000
[4,3,1,2] : 200.000000
[4,3] : 200.000000
[4,5] : 500.000000
[4,5,6] : 400.000000
[4,5,6,8,7] : 134.060747
[4,5,9,8,7] : 265.939253
[4,5,6,8] : 234.606307
[4,5,9,8] : 465.393693
[4,5,9] : 700.000000
[4,5,9,10] : 1200.000000
[4,11] : 1400.000000
[4,3,12] : 600.000000
[4,3,12,13] : 600.000000
[4,11,14] : 500.000000
[4,5,9,10,15] : 500.000000
[4,5,6,8,16] : 205.516334
[4,5,9,8,16] : 407.687273
[4,5,9,10,16] : 186.796394
[4,5,9,10,17] : 500.000000
[4,5,6,8,7,18] : 33.515187
[4,5,9,8,7,18] : 66.484813
[4,5,9,10,15,19] : 200.000000
[4,5,6,8,7,18,20] : 100.545560
[4,5,9,8,7,18,20] : 199.454440
[4,3,12,13,24,21] : 200.000000
[4,5,9,10,15,22] : 400.000000
[4,11,14,23] : 500.000000
[4,3,12,13,24] : 200.000000
[5,4,3,1] : 200.000000
[5,4,3,1,2] : 95.292017
[5,6,2] : 4.707983
[5,4,3] : 100.000000
[5,4] : 500.000000
[5,6] : 200.000000
[5,6,8,7] : 200.000000
[5,6,8] : 500.000000
[5,9] : 800.000000
[5,9,10] : 1000.000000
[5,4,11] : 500.000000
[5,4,3,12] : 200.000000
[5,4,3,12,13] : 200.000000
[5,4,11,14] : 100.000000
[5,9,10,15] : 200.000000
[5,6,8,16] : 332.938275
[5,9,10,16] : 31.709602
[5,6,8,7,18,16] : 135.352123
[5,9,10,17] : 200.000000
[5,9,10,15,19] : 100.000000
[5,6,8,7,18,20] : 100.000000
[5,9,10,15,22,21] : 100.000000
[5,9,10,15,22] : 200.000000
[5,4,11,14,23] : 100.000000
[6,2,1] : 300.000000
[6,2] : 400.000000
[6,2,1,3] : 93.111710
[6,5,4,3] : 206.888290
[6,5,4] : 400.000000
[6,5] : 200.000000
[6,8,7] : 400.000000
[6,8] : 800.000000
[6,5,9] : 400.000000
[6,5,9,10] : 800.000000
[6,5,4,11] : 400.000000
[6,2,1,3,12] : 62.074473
[6,5,4,3,12] : 137.925527
[6,2,1,3,12,13] : 62.074473
[6,5,4,3,12,13] : 137.925527
[6,5,4,11,14] : 100.000000
[6,5,9,10,15] : 200.000000
[6,8,16] : 688.622726
[6,8,7,18,16] : 211.377274
[6,8,16,17] : 382.568181
[6,8,7,18,16,17] : 117.431819
[6,8,7,18] : 100.000000
[6,8,7,18,20,19] : 200.000000
[6,8,7,18,20] : 300.000000
[6,8,7,18,20,21] : 100.000000
[6,8,7,18,20,22] : 200.000000
[6,5,4,11,14,23] : 100.000000
[6,2,1,3,12,13,24] : 31.037237
[6,5,4,3,12,13,24] : 68.962763
[7,8,6,2,1] : 500.000000
[7,8,6,2] : 200.000000
[7,8,6,2,1,3] : 4.456941
[7,8,6,5,4,3] : 92.053020
[7,8,9,5,4,3] : 3.490040
[7,8,6,5,4] : 385.388621
[7,8,9,5,4] : 14.611379
[7,8,6,5] : 192.694311
[7,8,9,5] : 7.305689
[7,8,6] : 400.000000
[7,8] : 1000.000000
[7,8,9] : 600.000000
[7,18,16,10] : 1900.000000
[7,18,16,10,11] : 500.000000
[7,8,6,2,1,3,12] : 31.198585
[7,8,6,5,4,3,12] : 644.371137
[7,8,9,5,4,3,12] : 24.430277
[7,8,6,2,1,3,12,13] : 3.192069
[7,8,6,5,4,3,12,13] : 65.928538
[7,8,9,5,4,3,12,13] : 2.499573
[7,18,20,21,24,13] : 328.379820
[7,18,20,19,15,14] : 200.000000
[7,18,20,19,15] : 500.000000
[7,18,16] : 1400.000000
[7,18,16,17] : 1000.000000
[7,18] : 200.000000
[7,18,20,19] : 400.000000
[7,18,20] : 500.000000
[7,18,20,21] : 200.000000
[7,18,20,22] : 500.000000
[7,18,20,22,23] : 200.000000
[7,18,20,21,24] : 100.000000
[8,6,2,1] : 800.000000
[8,6,2] : 400.000000
[8,6,2,1,3] : 72.112966
[8,6,5,4,3] : 56.443510
[8,9,5,4,3] : 71.443524
[8,6,5,4] : 308.948108
[8,9,5,4] : 391.051892
[8,6,5] : 220.677220
[8,9,5] : 279.322780
[8,6] : 800.000000
[8,7] : 1000.000000
[8,9] : 800.000000
[8,9,10] : 1600.000000
[8,9,10,11] : 800.000000
[8,6,2,1,3,12] : 216.338897
[8,6,5,4,3,12] : 169.330531
[8,9,5,4,3,12] : 214.330572
[8,6,2,1,3,12,13] : 216.338897
[8,6,5,4,3,12,13] : 169.330531
[8,9,5,4,3,12,13] : 214.330572
[8,7,18,20,19,15,14] : 400.000000
[8,7,18,20,19,15] : 600.000000
[8,16] : 2199.101929
[8,7,18,16] : 0.898071
[8,16,17] : 1399.428500
[8,7,18,16,17] : 0.571500
[8,7,18] : 300.000000
[8,7,18,20,19] : 700.000000
[8,7,18,20] : 900.000000
[8,7,18,20,21] : 400.000000
[8,7,18,20,22] : 500.000000
[8,7,18,20,22,23] : 300.000000
[8,7,18,20,21,24] : 200.000000
[9,5,4,3,1] : 500.000000
[9,5,4,3,1,2] : 97.207304
[9,5,6,2] : 102.792696
[9,5,4,3] : 100.000000
[9,5,4] : 700.000000
[9,5] : 800.000000
[9,5,6] : 400.000000
[9,8,7] : 600.000000
[9,8] : 800.000000
[9,10] : 2800.000000
[9,10,11] : 1400.000000
[9,5,4,3,12] : 600.000000
[9,5,4,3,12,13] : 600.000000
[9,10,11,14] : 126.452820
[9,10,15,14] : 473.547180
[9,10,15] : 900.000000
[9,8,16] : 826.757055
[9,10,16] : 573.242945
[9,10,17] : 900.000000
[9,8,7,18] : 200.000000
[9,10,15,19] : 400.000000
[9,8,7,18,20] : 600.000000
[9,10,15,22,21] : 300.000000
[9,10,15,22] : 700.000000
[9,10,11,14,23] : 43.035854
[9,10,15,14,23] : 161.162932
[9,10,15,22,23] : 295.801215
[9,5,4,3,12,13,24] : 200.000000
[10,9,5,4,3,1] : 1300.000000
[10,9,5,4,3,1,2] : 0.000759
[10,9,5,6,2] : 599.999241
[10,9,5,4,3] : 300.000000
[10,9,5,4] : 1200.000000
[10,9,5] : 1000.000000
[10,9,5,6] : 800.000000
[10,16,18,7] : 1900.000000
[10,9,8] : 1600.000000
[10,9] : 2800.000000
[10,11] : 4000.000000
[10,9,5,4,3,12] : 515.234601
[10,11,12] : 1484.765399
[10,9,5,4,3,12,13] : 489.472871
[10,11,12,13] : 1410.527129
[10,11,14] : 839.993702
[10,15,14] : 1260.006298
[10,15] : 4000.000000
[10,16] : 4400.000000
[10,17] : 3900.000000
[10,16,18] : 700.000000
[10,15,19] : 1800.000000
[10,16,18,20] : 1192.889271
[10,15,19,20] : 1307.110729
[10,15,22,21] : 1200.000000
[10,15,22] : 2600.000000
[10,11,14,23] : 7.870991
[10,15,14,23] : 11.806634
[10,15,22,23] : 1780.322375
[10,15,22,21,24] : 654.147955
[10,11,14,23,24] : 0.637778
[10,15,14,23,24] : 0.956679
[10,15,22,23,24] : 144.257588
[11,4,3,1] : 500.000000
[11,4,3,1,2] : 200.000000
[11,4,3] : 300.000000
[11,4] : 1500.000000
[11,4,5] : 500.000000
[11,4,5,6] : 400.000000
[11,10,16,18,7] : 500.000000
[11,10,9,8] : 800.000000
[11,10,9] : 1400.000000
[11,10] : 3900.000000
[11,12] : 1400.000000
[11,12,13] : 1000.000000
[11,14] : 1600.000000
[11,10,15] : 935.885064
[11,14,15] : 464.114936
[11,10,16] : 1400.000000
[11,10,17] : 1000.000000
[11,10,16,18] : 100.000000
[11,10,15,19] : 267.395733
[11,14,15,19] : 132.604267
[11,10,16,18,20] : 8.548460
[11,10,15,19,20] : 395.379045
[11,14,15,19,20] : 196.072495
[11,14,23,24,21] : 400.000000
[11,10,15,22] : 15.985045
[11,14,15,22] : 7.927147
[11,14,23,22] : 1076.087808
[11,14,23] : 1300.000000
[11,14,23,24] : 600.000000
[12,3,1] : 200.000000
[12,3,1,2] : 100.000000
[12,3] : 200.000000
[12,3,4] : 600.000000
[12,3,4,5] : 200.000000
[12,3,4,5,6] : 200.000000
[12,3,4,5,6,8,7] : 700.000000
[12,3,4,5,6,8] : 600.000000
[12,3,4,5,9] : 600.000000
[12,3,4,5,9,10] : 458.736859
[12,11,10] : 1541.263141
[12,11] : 1400.000000
[12,13] : 1300.000000
[12,11,14] : 700.000000
[12,3,4,5,9,10,15] : 99.872284
[12,11,10,15] : 335.550690
[12,11,14,15] : 264.577026
[12,3,4,5,6,8,16] : 647.299490
[12,3,4,5,9,10,16] : 12.087833
[12,11,10,16] : 40.612677
[12,3,4,5,9,10,17] : 137.621058
[12,11,10,17] : 462.378942
[12,3,4,5,6,8,7,18] : 200.000000
[12,3,4,5,9,10,15,19] : 42.802407
[12,11,10,15,19] : 143.807439
[12,11,14,15,19] : 113.390154
[12,13,24,21,20] : 400.000000
[12,13,24,21] : 300.000000
[12,13,24,21,22] : 139.929058
[12,13,24,23,22] : 560.070942
[12,13,24,23] : 700.000000
[12,13,24] : 500.000000
[13,12,3,1] : 500.000000
[13,12,3,1,2] : 300.000000
[13,12,3] : 100.000000
[13,12,3,4] : 600.000000
[13,12,3,4,5] : 200.000000
[13,12,3,1,2,6] : 34.760290
[13,12,3,4,5,6] : 165.239710
[13,12,3,1,2,6,8,7] : 13.081763
[13,12,3,4,5,6,8,7] : 62.186671
[13,12,3,4,5,9,8,7] : 0.019052
[13,24,21,20,18,7] : 324.712514
[13,12,3,1,2,6,8] : 104.254482
[13,12,3,4,5,6,8] : 495.593682
[13,12,3,4,5,9,8] : 0.151836
[13,12,3,4,5,9] : 600.000000
[13,12,11,10] : 1900.000000
[13,12,11] : 1000.000000
[13,12] : 1300.000000
[13,12,11,14] : 1.596049
[13,24,23,14] : 598.403951
[13,12,11,14,15] : 1.291186
[13,24,23,14,15] : 484.102292
[13,24,21,22,15] : 101.214557
[13,24,23,22,15] : 113.391965
[13,24,21,20,18,16] : 600.000000
[13,12,11,10,17] : 500.000000
[13,24,21,20,18] : 100.000000
[13,12,11,14,15,19] : 0.467319
[13,24,23,14,15,19] : 175.211224
[13,24,21,22,15,19] : 36.632602
[13,24,23,22,15,19] : 41.039973
[13,24,21,20,19] : 46.648882
[13,24,21,20] : 600.000000
[13,24,21] : 600.000000
[13,24,21,22] : 613.117080
[13,24,23,22] : 686.882920
[13,24,23] : 800.000000
[13,24] : 800.000000
[14,11,4,3,1] : 300.000000
[14,11,4,3,1,2] : 100.000000
[14,11,4,3] : 100.000000
[14,11,4] : 500.000000
[14,11,4,5] : 100.000000
[14,11,4,5,6] : 100.000000
[14,15,19,20,18,7] : 200.000000
[14,15,19,20,18,7,8] : 400.000000
[14,11,10,9] : 18.160037
[14,15,10,9] : 581.839963
[14,11,10] : 63.560131
[14,15,10] : 2036.439869
[14,11] : 1600.000000
[14,11,12] : 700.000000
[14,23,24,13] : 600.000000
[14,15] : 1300.000000
[14,15,19,17,16] : 700.000000
[14,15,19,17] : 700.000000
[14,15,19,20,18] : 100.000000
[14,15,19] : 300.000000
[14,15,19,20] : 500.000000
[14,23,24,21] : 400.000000
[14,15,22] : 17.125396
[14,23,22] : 1182.874604
[14,23] : 1100.000000
[14,23,24] : 400.000000
[15,10,9,5,4,3,1] : 500.000000
[15,10,9,5,4,3,1,2] : 7.677470
[15,10,9,5,6,2] : 92.322530
[15,10,9,5,4,3] : 100.000000
[15,10,9,5,4] : 500.000000
[15,10,9,5] : 200.000000
[15,10,9,5,6] : 200.000000
[15,19,20,18,7] : 500.000000
[15,19,20,18,7,8] : 600.000000
[15,10,9] : 1000.000000
[15,10] : 4000.000000
[15,10,11] : 1366.365477
[15,14,11] : 33.634523
[15,10,9,5,4,3,12] : 13.482423
[15,10,11,12] : 670.024226
[15,14,11,12] : 16.493351
[15,10,9,5,4,3,12,13] : 0.307882
[15,10,11,12,13] : 15.300567
[15,14,11,12,13] : 0.376640
[15,22,21,24,13] : 124.069053
[15,14,23,24,13] : 11.248857
[15,22,23,24,13] : 548.697000
[15,14] : 1300.000000
[15,19,17,16] : 1200.000000
[15,19,17] : 1500.000000
[15,19,20,18] : 200.000000
[15,19] : 800.000000
[15,19,20] : 1100.000000
[15,22,21] : 800.000000
[15,22] : 2600.000000
[15,14,23] : 20.089187
[15,22,23] : 979.910813
[15,22,21,24] : 72.553420
[15,14,23,24] : 6.578136
[15,22,23,24] : 320.868444
[16,8,6,2,1] : 500.000000
[16,8,6,2] : 400.000000
[16,8,6,5,4,3] : 186.301705
[16,8,9,5,4,3] : 9.483171
[16,10,9,5,4,3] : 4.215124
[16,8,6,5,4] : 745.206820
[16,8,9,5,4] : 37.932686
[16,10,9,5,4] : 16.860494
[16,8,6,5] : 465.754263
[16,8,9,5] : 23.707929
[16,10,9,5] : 10.537809
[16,8,6] : 900.000000
[16,18,7] : 1400.000000
[16,8] : 2200.000000
[16,8,9] : 969.203837
[16,10,9] : 430.796163
[16,10] : 4400.000000
[16,10,11] : 1400.000000
[16,8,6,5,4,3,12] : 379.705102
[16,8,9,5,4,3,12] : 19.327835
[16,10,9,5,4,3,12] : 8.590925
[16,10,11,12] : 292.376138
[16,18,20,21,24,13] : 600.000000
[16,17,19,15,14] : 686.188063
[16,18,20,19,15,14] : 13.811937
[16,17,19,15] : 1176.322393
[16,18,20,19,15] : 23.677607
[16,17] : 2800.000000
[16,18] : 500.000000
[16,17,19] : 1274.349259
[16,18,20,19] : 25.650741
[16,18,20] : 1600.000000
[16,18,20,21] : 600.000000
[16,18,20,22] : 1200.000000
[16,18,20,22,23] : 500.000000
[16,18,20,21,24] : 300.000000
[17,10,9,5,4,3,1] : 400.000000
[17,16,18,7,8,6,2] : 50.467518
[17,16,8,6,2] : 149.532482
[17,10,9,5,4,3] : 100.000000
[17,10,9,5,4] : 500.000000
[17,10,9,5] : 200.000000
[17,16,18,7,8,6] : 126.168796
[17,16,8,6] : 373.831204
[17,16,18,7] : 1000.000000
[17,16,18,7,8] : 353.272628
[17,16,8] : 1046.727372
[17,10,9] : 900.000000
[17,10] : 3900.000000
[17,10,11] : 1000.000000
[17,10,9,5,4,3,12] : 13.065768
[17,10,11,12] : 586.934232
[17,10,9,5,4,3,12,13] : 10.888140
[17,10,11,12,13] : 489.111860
[17,19,15,14] : 700.000000
[17,19,15] : 1500.000000
[17,16] : 2800.000000
[17,16,18] : 600.000000
[17,19] : 1700.000000
[17,16,18,20] : 1580.824574
[17,19,20] : 119.175426
[17,16,18,20,21] : 275.795818
[17,19,20,21] : 20.791734
[17,19,15,22,21] : 303.412448
[17,19,15,22] : 1700.000000
[17,19,15,14,23] : 363.992011
[17,19,15,22,23] : 236.007989
[17,16,18,20,21,24] : 127.217890
[17,19,20,21,24] : 9.590720
[17,19,15,22,21,24] : 139.956769
[17,19,15,14,23,24] : 14.095360
[17,19,15,22,23,24] : 9.139260
[18,7,8,6,2,1] : 100.000000
[18,7,8,6,5,4] : 99.935614
[18,7,8,9,5,4] : 0.064386
[18,7,8,6] : 100.000000
[18,7] : 200.000000
[18,7,8] : 300.000000
[18,7,8,9] : 200.000000
[18,16,10] : 700.000000
[18,16,10,11] : 200.000000
[18,7,8,6,5,4,3,12] : 199.871228
[18,7,8,9,5,4,3,12] : 0.128772
[18,20,21,24,13] : 100.000000
[18,20,19,15,14] : 100.000000
[18,20,19,15] : 200.000000
[18,16] : 500.000000
[18,16,17] : 600.000000
[18,20,19] : 300.000000
[18,20] : 400.000000
[18,20,21] : 100.000000
[18,20,22] : 300.000000
[18,20,22,23] : 100.000000
[19,15,10,9,5,4,3,1] : 300.000000
[19,20,18,7,8,6,2] : 100.000000
[19,15,10,9,5,4] : 200.000000
[19,15,10,9,5] : 100.000000
[19,20,18,7,8,6] : 200.000000
[19,20,18,7] : 400.000000
[19,20,18,7,8] : 700.000000
[19,15,10,9] : 400.000000
[19,15,10] : 1800.000000
[19,15,10,11] : 0.024480
[19,15,14,11] : 399.975520
[19,15,10,9,5,4,3,12] : 0.623888
[19,15,10,11,12] : 0.018322
[19,15,14,11,12] : 299.357790
[19,20,21,24,13] : 3.188669
[19,15,22,21,24,13] : 6.190090
[19,15,22,23,24,13] : 290.621241
[19,15,14] : 300.000000
[19,15] : 800.000000
[19,17,16] : 1300.000000
[19,17] : 1700.000000
[19,20,18] : 300.000000
[19,20] : 1200.000000
[19,20,21] : 135.995333
[19,15,22,21] : 264.004667
[19,15,22] : 1200.000000
[19,15,22,23] : 300.000000
[19,20,21,24] : 1.062890
[19,15,22,21,24] : 2.063363
[19,15,22,23,24] : 96.873747
[20,18,7,8,6,2,1] : 300.000000
[20,18,7,8,6,2] : 100.000000
[20,18,7,8,6,5,4] : 300.000000
[20,18,7,8,6,5] : 100.000000
[20,18,7,8,6] : 300.000000
[20,18,7] : 500.000000
[20,18,7,8] : 900.000000
[20,18,7,8,9] : 600.000000
[20,19,15,10] : 1290.367333
[20,18,16,10] : 1209.632667
[20,19,15,10,11] : 0.000000
[20,18,16,10,11] : 0.000000
[20,19,15,14,11] : 600.000000
[20,21,24,13,12] : 500.000000
[20,21,24,13] : 600.000000
[20,19,15,14] : 500.000000
[20,19,15] : 1100.000000
[20,18,16] : 1600.000000
[20,18,16,17] : 1490.135143
[20,19,17] : 209.864857
[20,18] : 400.000000
[20,19] : 1200.000000
[20,21] : 1200.000000
[20,22] : 2400.000000
[20,22,23] : 700.000000
[20,21,24] : 400.000000
[21,24,13,12,3,1] : 100.000000
[21,24,13,12,3,4] : 200.000000
[21,22,15,10,9,5] : 100.000000
[21,20,18,7,8,6] : 100.000000
[21,20,18,7] : 200.000000
[21,20,18,7,8] : 400.000000
[21,22,15,10,9] : 300.000000
[21,22,15,10] : 1200.000000
[21,24,23,14,11] : 400.000000
[21,24,13,12] : 300.000000
[21,24,13] : 600.000000
[21,24,23,14] : 400.000000
[21,22,15] : 800.000000
[21,20,18,16] : 600.000000
[21,20,18,16,17] : 567.180865
[21,22,15,19,17] : 32.819098
[21,20,19,17] : 0.000038
[21,20,18] : 100.000000
[21,22,15,19] : 399.999539
[21,20,19] : 0.000461
[21,20] : 1200.000000
[21,22] : 1800.000000
[21,24,23] : 700.000000
[21,24] : 500.000000
[22,21,24,13,12,3,1] : 315.665574
[22,23,24,13,12,3,1] : 84.334426
[22,20,18,7,8,6,2] : 100.000000
[22,21,24,13,12,3] : 78.916393
[22,23,24,13,12,3] : 21.083607
[22,15,10,9,5,4] : 400.000000
[22,15,10,9,5] : 200.000000
[22,20,18,7,8,6] : 200.000000
[22,20,18,7] : 500.000000
[22,20,18,7,8] : 500.000000
[22,15,10,9] : 700.000000
[22,15,10] : 2600.000000
[22,15,10,11] : 1093.186058
[22,15,14,11] : 6.812165
[22,23,14,11] : 0.001777
[22,21,24,13,12] : 552.414754
[22,23,24,13,12] : 147.585246
[22,21,24,13] : 1025.913114
[22,23,24,13] : 274.086886
[22,15,14] : 1199.687055
[22,23,14] : 0.312945
[22,15] : 2600.000000
[22,20,18,16] : 1200.000000
[22,15,19,17] : 1700.000000
[22,20,18] : 300.000000
[22,15,19] : 1200.000000
[22,20] : 2400.000000
[22,21] : 1800.000000
[22,23] : 2100.000000
[22,21,24] : 868.080328
[22,23,24] : 231.919672
[23,24,13,12,3,1] : 300.000000
[23,24,13,12,3] : 100.000000
[23,14,11,4] : 500.000000
[23,14,11,4,5] : 100.000000
[23,14,11,4,5,6] : 100.000000
[23,22,20,18,7] : 200.000000
[23,22,20,18,7,8] : 300.000000
[23,14,11,10,9] : 407.681145
[23,14,15,10,9] : 14.343080
[23,22,15,10,9] : 77.975775
[23,14,11,10] : 1467.652124
[23,14,15,10] : 51.635087
[23,22,15,10] : 280.712790
[23,14,11] : 1300.000000
[23,24,13,12] : 700.000000
[23,24,13] : 800.000000
[23,14] : 1100.000000
[23,14,15] : 155.364575
[23,22,15] : 844.635425
[23,22,20,18,16] : 500.000000
[23,14,15,19,17] : 93.218745
[23,22,15,19,17] : 506.781255
[23,22,20,18] : 100.000000
[23,14,15,19] : 46.609373
[23,22,15,19] : 253.390627
[23,22,20] : 700.000000
[23,24,21] : 700.000000
[23,22] : 2100.000000
[23,24] : 700.000000
[24,13,12,3,1] : 100.000000
[24,13,12,3,4] : 200.000000
[24,13,12,3,1,2,6] : 99.980545
[24,13,12,3,4,5,6] : 0.019455
[24,21,20,18,7] : 100.000000
[24,21,20,18,7,8] : 200.000000
[24,13,12,3,4,5,9] : 200.000000
[24,23,14,11,10] : 0.363860
[24,21,22,15,10] : 799.636140
[24,23,14,11] : 600.000000
[24,13,12] : 500.000000
[24,13] : 700.000000
[24,23,14] : 400.000000
[24,21,22,15] : 400.000000
[24,21,20,18,16] : 300.000000
[24,21,20,18,16,17] : 0.827195
[24,21,22,15,19,17] : 298.711825
[24,21,20,19,17] : 0.460980
[24,21,22,15,19] : 99.845915
[24,21,20,19] : 0.154085
[24,21,20] : 400.000000
[24,21] : 500.000000
[24,21,22] : 1100.000000
[24,23] : 700.000000
